1	1	1.369023412257828	0.6268660851966096	25.206897467058877	9.09934649813652	1.8004900939337752e-6	1.7486790759162426e-6	1.0943274258704155e-5	2.9191210904794037e-7
1	2	0.793654783761891	0.481814739350168	12.371086804596592	2.0884076853835034	1.7708010237265034e-6	1.7461133545825933e-6	5.336388845452442e-6	4.218239380904415e-8
1	3	0.5674053848080627	0.4692391136179889	6.3017243667647165	0.5128431086730013	1.7586737824407447e-6	1.7454564287414899e-6	2.699460209073212e-6	1.0110205784111317e-8
1	4	0.49414349787188827	0.46775074845197706	3.0927717011491476	0.1277038318525578	1.7514839023913366e-6	1.7452908668292177e-6	1.3329394552139066e-6	2.517297497835177e-9
1	5	0.4742695501206361	0.4674816660279362	1.5754310916911651	0.031895355470574475	1.7485469758886459e-6	1.745249389051853e-6	6.748293060028388e-7	6.289269282844311e-10
1	6	0.46911716450463953	0.4674208141729938	0.7731929252872888	0.007971942962783892	1.7467851519859889e-6	1.7452390140916137e-6	3.332337326893035e-7	1.5721064176526529e-10
1	7	0.46783333264960225	0.4674060020320928	0.39385777292279067	0.0019928675078096287	1.7460599447374015e-6	1.7452364200058964e-6	1.6870729159131915e-7	3.930140071452241e-11
1	8	0.46750853883042714	0.4674023240426547	0.19329823132182983	0.0004982094914624472	1.745622116646284e-6	1.7452357714628494e-6	8.330843206772031e-8	9.825272360164563e-12
1	9	0.4674281265054913	0.46740140611056813	0.09846444323070135	0.00012455191133530278	1.7454414288301702e-6	1.7452356093257364e-6	4.2176822863738585e-8	2.4563132377392195e-12
1	10	0.4674078159057318	0.46740117672537496	0.04832455783045983	3.113794899855278e-5	1.7453321423617902e-6	1.7452355687913735e-6	2.0827108015848433e-8	6.140780091804316e-13
2	1	0.7937887459098584	0.4839017484532323	12.342597075297151	2.2235512928578083	1.7710829218609546e-6	1.7464023212944583e-6	5.327206831969172e-6	5.8294264172408677e-8
2	2	0.5664928751263424	0.46940756041688425	6.084963097280271	0.5284020930912326	1.7571710645158756e-6	1.7455271374866248e-6	2.6293923336764073e-6	1.3551937965045597e-8
2	3	0.49415694629654666	0.46776411346691277	3.085649268824283	0.12998233533656978	1.7515535755458834e-6	1.745308443557062e-6	1.3306419545882002e-6	3.3300155896186545e-9
2	4	0.4742013684610825	0.46748330469339777	1.5212407743200684	0.03236733106501244	1.748176957660145e-6	1.7452537769805695e-6	6.573113845369942e-7	8.292143872517569e-10
2	5	0.4691180498825716	0.46742111890806076	0.7714123172060775	0.00808388150964524	1.7468025181907044e-6	1.7452401106833498e-6	3.3265935557987654e-7	2.0710305592588342e-10
2	6	0.46782901296088314	0.46740607168081927	0.38031019358002105	0.002020474432068021	1.745967798648019e-6	1.7452366941294338e-6	1.643278102944921e-7	5.176330852795951e-11
2	7	0.4675085943570002	0.4674023410467586	0.19285307930151802	0.0005050876271850031	1.7456264549021848e-6	1.745235839992209e-6	8.316483778845633e-8	1.2940049885844089e-11
2	8	0.4674278562920738	0.4674014103360951	0.09507754839500313	0.0001262699707553703	1.7454184147902639e-6	1.745235626457981e-6	4.1081952538623256e-8	3.2349639106647e-12
2	9	0.46740781937689074	0.46740117778016294	0.048213269825372385	3.1567371683866496e-5	1.7453332267191495e-6	1.7452355730744288e-6	2.0791209446030577e-8	8.087379472433677e-13
2	10	0.4674027725684447	0.4674011196487881	0.023769387098753637	7.891835375203075e-6	1.7452812574626898e-6	1.745235559728541e-6	1.0270488134623099e-8	2.0218429719520905e-13
3	1	0.5674053848080627	0.4697885042513516	6.301724366764719	0.5574751116778878	1.7586737824407447e-6	1.745548589194857e-6	2.699460209073212e-6	1.5243695734573782e-8
3	2	0.49414349787188827	0.4677989492776812	3.0927717011491436	0.13287638830270598	1.7514839023913366e-6	1.745313744576673e-6	1.3329394552139066e-6	3.6288272728225224e-9
3	3	0.4742695501206361	0.4674858149171942	1.5754310916911651	0.03269137470011855	1.7485469758886459e-6	1.7452550968103515e-6	6.748293060028388e-7	8.927383727962178e-10
3	4	0.46911716450463953	0.46742136502593806	0.7731929252872888	0.008140592449475554	1.7467851519859889e-6	1.7452404403032316e-6	3.332337326893035e-7	2.223038155187821e-10
3	5	0.46783333264960225	0.4674061094631502	0.393857772922794	0.0020331440281592442	1.7460599447374015e-6	1.7452367765133297e-6	1.6870729159131915e-7	5.552127532092775e-11
3	6	0.46750853883042714	0.46740234900959143	0.1932982313218286	0.0005081609340469714	1.745622116646284e-6	1.7452358605868662e-6	8.330843206772031e-8	1.3876907215083955e-11
3	7	0.4674281265054913	0.46740141223415393	0.09846444323070135	0.0001270324193121954	1.7454414288301702e-6	1.7452356316065628e-6	4.2176822863738585e-8	3.469013665859132e-12
3	8	0.4674078159057318	0.4674011782488875	0.04832455783045984	3.175761649258137e-5	1.7453321423617902e-6	1.7452355743615693e-6	2.0827108015848433e-8	8.672401028031521e-13
3	9	0.46740278945769415	0.46740111976560744	0.024616110807679666	7.939373607754058e-6	1.7452870095662697e-6	1.745235560050326e-6	1.0544205715902836e-8	2.168091896040859e-13
3	10	0.4674015200022533	0.4674011051456022	0.012081139457617476	1.984841487981351e-6	1.7452596987076289e-6	1.7452355564725153e-6	5.206777003962897e-9	5.420224890320419e-14
4	1	0.4941569462965466	0.4678858665421592	3.0856492688242856	0.1395183704950679	1.7515535755458834e-6	1.7453151244673342e-6	1.3306419545882002e-6	3.868754530578034e-9
4	2	0.4742013684610826	0.46749396449085784	1.5212407743200689	0.03326815174988754	1.748176957660145e-6	1.7452554318222262e-6	6.573113845369942e-7	9.224332687895604e-10
4	3	0.4691180498825716	0.4674218951797963	0.7714123172060757	0.008185078384189763	1.7468025181907044e-6	1.745240523023729e-6	3.3265935557987654e-7	2.2694856538244457e-10
4	4	0.46782901296088314	0.4674061481745517	0.380310193580021	0.00203819489283191	1.745967798648019e-6	1.7452367971290182e-6	1.643278102944921e-7	5.651325224328602e-11
4	5	0.4675085943570002	0.46740235282905174	0.19285307930151835	0.000509046807808482	1.7456264549021848e-6	1.7452358657367626e-6	8.316483778845633e-8	1.4114397162153626e-11
4	6	0.4674278562920738	0.46740141282295994	0.09507754839500679	0.00012723037548933392	1.7454184147902639e-6	1.7452356328937855e-6	4.1081952538623256e-8	3.5277307549240466e-12
4	7	0.46740781937689074	0.46740117837321177	0.04821326982537234	3.180563664297659e-5	1.7453332267191495e-6	1.745235574683359e-6	2.0791209446030577e-8	8.818784205663968e-13
4	8	0.4674027725684447	0.4674011197952587	0.02376938709875357	7.951286842764316e-6	1.7452812574626898e-6	1.7452355601307724e-6	1.0270488134623099e-8	2.2046621745834668e-13
4	9	0.4674015202192038	0.46740110515292566	0.012053317456350845	1.987814070207635e-6	1.7452599697840448e-6	1.745235556492627e-6	5.197802361508438e-9	5.5116341006374304e-14
4	10	0.4674012047910214	0.46740110149247716	0.005942346774679663	4.969530380610012e-7	1.7452469800304364e-6	1.7452355555830907e-6	2.567622033652451e-9	1.3779073855022072e-14
5	1	0.47426955012063604	0.4675152440504128	1.5754310916911798	0.034889725272694745	1.7485469758886459e-6	1.7452555291257418e-6	6.748293060028388e-7	9.710441754009699e-10
5	2	0.46911716450463953	0.467423902228919	0.7731929252872789	0.00832011264845853	1.7467851519859889e-6	1.7452405449658509e-6	3.332337326893035e-7	2.3156267633531022e-10
5	3	0.46783333264960225	0.46740627491537123	0.3938577729227901	0.002047034230679923	1.7460599447374015e-6	1.7452368023617916e-6	1.6870729159131915e-7	5.6972378932845466e-11
5	4	0.46750853883042714	0.46740236109890154	0.1932982313218297	0.0005097391360424032	1.745622116646284e-6	1.7452358670291646e-6	8.330843206772031e-8	1.4186890842475004e-11
5	5	0.4674281265054913	0.4674014134273255	0.09846444323070122	0.00012730925118172953	1.7454414288301702e-6	1.745235633215899e-6	4.2176822863738585e-8	3.543228939822255e-12
5	6	0.4674078159057318	0.467401178432865	0.04832455783045869	3.1819477696297864e-5	1.7453321423617902e-6	1.7452355747638256e-6	2.0827108015848433e-8	8.855891724502454e-13
5	7	0.46740278945769415	0.4674011198044573	0.02461611080768415	7.95437990158827e-6	1.7452870095662697e-6	1.7452355601508854e-6	1.0544205715902836e-8	2.2138367232227266e-13
5	8	0.4674015200022533	0.46740110515486794	0.01208113945761847	1.9885643786502478e-6	1.7452596987076289e-6	1.7452355564976548e-6	5.206777003962897e-9	5.534506712515575e-14
5	9	0.46740120584660305	0.4674011014929405	0.00615402770192007	4.971391859989229e-7	1.7452484179684121e-6	1.7452355555843476e-6	2.636051428972337e-9	1.3836214656251537e-14
5	10	0.46740112650546994	0.4674011005774876	0.00302028486440507	1.2428468291895736e-7	1.7452415909277e-6	1.7452355555843476e-6	1.3016942509877498e-9	1.383626842836231e-14
6	1	0.4691180498825716	0.46742919511702774	0.7714123172060804	0.008723076834157755	1.7468025181907044e-6	1.7452405538323614e-6	3.3265935557987654e-7	2.430057733514621e-10
6	2	0.46782901296088314	0.4674067748536272	0.38031019358001755	0.0020802204689416223	1.745967798648019e-6	1.745236803985391e-6	1.643278102944921e-7	5.795035879618656e-11
6	3	0.4675085943570002	0.46740239242630677	0.19285307930151993	0.0005118063467985642	1.7456264549021848e-6	1.7452358673719764e-6	8.316483778845633e-8	1.4257796911544154e-11
6	4	0.4674278562920738	0.46740141540707264	0.0950775483950029	0.0001274466846545526	1.7454184147902639e-6	1.7452356332976593e-6	4.1081952538623256e-8	3.550383771565832e-12
6	5	0.46740781937689074	0.46740117856206814	0.0482132698253723	3.183028460554309e-5	1.7453332267191495e-6	1.7452355747840195e-6	2.0791209446030577e-8	8.867215856770875e-13
6	6	0.4674027725684447	0.46740111981390003	0.023769387098753564	7.955612153899742e-6	1.7452812574626898e-6	1.745235560155918e-6	1.0270488134623099e-8	2.2162582362639313e-13
6	7	0.4674015202192038	0.4674011051558	0.012053317456349303	1.9887806565134426e-6	1.7452599697840448e-6	1.7452355564989122e-6	5.197802361508438e-9	5.540304800100209e-14
6	8	0.4674012047910214	0.4674011014930842	0.0059423467746792785	4.971875247631375e-7	1.7452469800304364e-6	1.7452355555846617e-6	2.567622033652451e-9	1.3850549951857835e-14
6	9	0.4674011265190296	0.46740110057751805	0.0030133293640840185	1.242964086487762e-7	1.7452416586959961e-6	1.745235555584662e-6	1.2994505903721848e-9	1.3850761584377308e-14
6	10	0.4674011068047578	0.4674011003486338	0.0014855866936730109	3.107407104687437e-8	1.7452384114178176e-6	1.7452355555846621e-6	6.419055084184863e-10	1.3851613244278509e-14
7	1	0.46783333264960225	0.4674080964053972	0.3938577729227925	0.002180809744270346	1.7460599447374015e-6	1.7452368052361202e-6	1.6870729159131915e-7	6.076679763438567e-11
7	2	0.46750853883042703	0.4674025172980033	0.19329823132182067	0.0005200671385580963	1.745622116646284e-6	1.7452358675365249e-6	8.330843206772031e-8	1.4491320967728396e-11
7	3	0.4674281265054913	0.4674014232166325	0.09846444323070107	0.00012795457351192879	1.7454414288301702e-6	1.745235633323027e-6	4.2176822863738585e-8	3.5653681148994776e-12
7	4	0.4674078159057318	0.467401179051527	0.04832455783045982	3.186241493469284e-5	1.7453321423617902e-6	1.745235574789376e-6	2.0827108015848433e-8	8.878247593454108e-13
7	5	0.46740278945769415	0.46740111984483285	0.02461611080768423	7.957756891556423e-6	1.7452870095662697e-6	1.7452355601571956e-6	1.0544205715902836e-8	2.2173754577669824e-13
7	6	0.4674015200022533	0.46740110515781885	0.012081139457618472	1.9889494716559628e-6	1.7452596987076289e-6	1.7452355564992275e-6	5.206777003962897e-9	5.5420740424675933e-14
7	7	0.46740120584660305	0.46740110149323166	0.006154027701920062	4.972067740351646e-7	1.7452484179684121e-6	1.7452355555847407e-6	2.636051428972337e-9	1.3854335475575804e-14
7	8	0.46740112650546994	0.4674011005775327	0.003020284864404971	1.242997831566033e-7	1.7452415909277e-6	1.7452355555847407e-6	1.3016942509877498e-9	1.3855183342615274e-14
7	9	0.46740110687073166	0.467401100348636	0.001538506925483885	3.107482802281353e-8	1.7452387708968163e-6	1.745235555584742e-6	6.590128572406857e-10	1.3858599130232321e-14
7	10	0.4674011019119102	0.46740110029141335	0.0007550712160933295	7.768700051886127e-9	1.7452370641787843e-6	1.745235555584747e-6	3.2542356274957647e-10	1.3872261621553103e-14
8	1	0.4675085943570002	0.46740284758182604	0.19285307930151835	0.0005452049725425688	1.7456264549021848e-6	1.7452358677888435e-6	8.316483778845633e-8	1.519265997209966e-11
8	2	0.4674278562920738	0.4674014544275205	0.09507754839500122	0.00013001753601599958	1.7454184147902639e-6	1.7452356333490803e-6	4.1081952538623256e-8	3.623063451279047e-12
8	3	0.46740781937689074	0.467401181002525	0.04821326982538511	3.198883005090733e-5	1.7453332267191495e-6	1.745235574791947e-6	2.0791209446030577e-8	8.913994527220671e-13
8	4	0.4674027725684447	0.46740111996685535	0.02376938709875368	7.965650226769228e-6	1.7452812574626898e-6	1.7452355601575918e-6	1.0270488134623099e-8	2.2197049016575405e-13
8	5	0.4674015202192038	0.46740110516546673	0.012053317456350845	1.989450837703531e-6	1.7452599697840448e-6	1.7452355564993112e-6	5.197802361508438e-9	5.543795577836725e-14
8	6	0.4674012047910214	0.46740110149371505	0.00594234677468151	4.972402667033255e-7	1.7452469800304364e-6	1.7452355555847606e-6	2.567622033652451e-9	1.3856075035564125e-14
8	7	0.4674011265190296	0.46740110057756423	0.0030133293640840207	1.2430241946527542e-7	1.7452416586959961e-6	1.7452355555847616e-6	1.2994505903710857e-9	1.3859489892182138e-14
8	8	0.4674011068047578	0.46740110034863824	0.0014855866936735367	3.107513840409989e-8	1.7452384114178176e-6	1.745235555584767e-6	6.419055084184863e-10	1.3873157707445217e-14
8	9	0.4674011019127577	0.4674011002914138	0.0007533323410172165	7.768761180803854e-9	1.7452370811208074e-6	1.7452355555847873e-6	3.2486264759688726e-10	1.3928116907284575e-14
8	10	0.46740110068061563	0.4674011002771079	0.0003713966734196784	1.942190369239789e-9	1.7452362693112802e-6	1.7452355555848696e-6	1.6047637710211588e-10	1.4152590306868158e-14
9	1	0.4674281265054913	0.46740153699197295	0.09846444323070187	0.00013630140171786817	1.7454414288301702e-6	1.7452356334083872e-6	4.2176822863738585e-8	3.798225045093199e-12
9	2	0.4674078159057318	0.46740118880480724	0.0483245578304605	3.2504430965427996e-5	1.7453321423617902e-6	1.7452355747975174e-6	2.0827108015848433e-8	9.05780439045228e-13
9	3	0.46740278945769415	0.467401120454518	0.02461611080766864	7.997219177339067e-6	1.7452870095662697e-6	1.7452355601579992e-6	1.0544205715902836e-8	2.2285345125056522e-13
9	4	0.4674015200022532	0.4674011051959508	0.012081139457613813	1.991415447339412e-6	1.7452596987076289e-6	1.7452355564993516e-6	5.206777003962897e-9	5.549351726031458e-14
9	5	0.46740120584660305	0.46740110149562125	0.006154027701920061	4.973634267376476e-7	1.7452484179684121e-6	1.7452355555847665e-6	2.6360514289722138e-9	1.3859716490181262e-14
9	6	0.46740112650546994	0.46740110057768375	0.003020284864405067	1.2431025953699416e-7	1.7452415909277e-6	1.7452355555847716e-6	1.3016942509877498e-9	1.3873382903928876e-14
9	7	0.46740110687073166	0.4674011003486458	0.0015385069254838762	3.10756665286659e-8	1.7452387708968163e-6	1.7452355555847921e-6	6.590128572406857e-10	1.3928337506586678e-14
9	8	0.4674011019119102	0.46740110029141424	0.0007550712160933292	7.768779324258298e-9	1.7452370641787843e-6	1.7452355555848743e-6	3.2542356274957647e-10	1.4152821410873856e-14
9	9	0.467401100684739	0.46740110027710813	0.0003846267313725408	1.9422125729611582e-9	1.7452363591806864e-6	1.7452355555851013e-6	1.6475321431453572e-10	1.4836813753609538e-14
9	10	0.4674011003748127	0.46740110027353166	0.00018876780403155334	4.855498455409186e-10	1.7452359325038128e-6	1.7452355554325066e-6	8.13558906935115e-11	7.418403654478084e-15
10	1	0.46740781937689074	0.4674012094455141	0.04821326982537366	3.4075360338166845e-5	1.7453332267191495e-6	1.7452355748121082e-6	2.0791209446030577e-8	9.495600145577837e-13
10	2	0.4674027725684447	0.4674011224050611	0.023769387098753845	8.126110677739027e-6	1.7452812574626898e-6	1.745235560159333e-6	1.0270488134623099e-8	2.26446019981481e-13
10	3	0.4674015202192038	0.46740110531786133	0.01205331745635141	1.999305539459578e-6	1.7452599697840448e-6	1.7452355564994386e-6	5.197802361497664e-9	5.5713590771806976e-14
10	4	0.4674012047910214	0.4674011015032414	0.005942346774680791	4.978540497469981e-7	1.7452469800304364e-6	1.7452355555847729e-6	2.567622033652451e-9	1.3873434086008009e-14
10	5	0.4674011265190296	0.46740110057816003	0.003013329364084012	1.2434090916607923e-7	1.7452416586959961e-6	1.7452355555847934e-6	1.2994505903721848e-9	1.3928397960362553e-14
10	6	0.4674011068047578	0.4674011003486753	0.001485586693673079	3.107756314373743e-8	1.7452384114178176e-6	1.7452355555848758e-6	6.419055084184863e-10	1.4152875095641149e-14
10	7	0.4674011019127577	0.467401100291416	0.0007533323410172141	7.768913753188693e-9	1.7452370811208074e-6	1.7452355555851024e-6	3.2486264759688726e-10	1.483687617926826e-14
10	8	0.46740110068061563	0.46740110027710813	0.00037139667341968044	1.9422072516857982e-9	1.7452362693112802e-6	1.7452355554325073e-6	1.6047637710211588e-10	7.418437715868367e-15
10	9	0.4674011003748656	0.46740110027353166	0.00018833308525844053	4.855498455389229e-10	1.7452359367393153e-6	1.7452355554325073e-6	8.12156618998784e-11	7.418437715868367e-15
10	10	0.4674011002978568	0.4674011002726375	9.284916835494555e-5	1.2138053451473093e-10	1.7452357337875595e-6	1.7452355554325073e-6	4.0119094268775215e-11	7.418437715868367e-15
