0.0625	0.0625	0.14644660940672624	0.14834320235343063	0.1483432023534309	0.14834320235343085	0.14834320235343118	0.14834320235343068	0.14834320235343057	2.7948868555437316e-14	-4.930965285703441e-10	-4.930962892543119e-10	-4.930963751552481e-10	-4.930961268867842e-10	-4.930965332016083e-10	-4.930966835153251e-10
0.0625	0.125	0.27059805007309845	0.2741024968830294	0.2741024968830299	0.27410249688302984	0.27410249688303046	0.2741024968830298	0.27410249688302923	4.486234550378669e-13	-9.026649601994005e-10	-9.026644908524562e-10	-9.026646650472372e-10	-9.026641773045797e-10	-9.026649601993549e-10	-9.026652582948779e-10
0.0625	0.1875	0.3535533905932738	0.35813217100750866	0.3581321710075094	0.35813217100750927	0.35813217100751005	0.3581321710075087	0.3581321710075084	1.623646337765042e-12	-1.1829295560764866e-9	-1.182928874562087e-9	-1.1829291358153622e-9	-1.1829284267535316e-9	-1.1829295692652119e-9	-1.1829299805285358e-9
0.0625	0.25	0.3826834323650898	0.3876394685723093	0.38763946857231	0.3876394685723099	0.3876394685723109	0.3876394685723098	0.3876394685723089	3.0730105959886345e-12	-1.3719904926217928e-9	-1.3719896253817226e-9	-1.3719899680086202e-9	-1.3719890644527425e-9	-1.37199049262171e-9	-1.3719910224665086e-9
0.0625	0.3125	0.3535533905932738	0.3581321710075088	0.3581321710075096	0.35813217100750944	0.3581321710075106	0.3581321710075087	0.35813217100750827	3.928515887970547e-12	-1.5507286425116403e-9	-1.5507276225532624e-9	-1.5507280374849824e-9	-1.550726973895559e-9	-1.5507286622499626e-9	-1.5507292535717388e-9
0.0625	0.375	0.2705980500730985	0.2741024968830295	0.2741024968830304	0.27410249688303023	0.27410249688303145	0.27410249688302996	0.27410249688302896	3.768841665944732e-12	-1.766657100648693e-9	-1.7666559675449362e-9	-1.7666564412965618e-9	-1.7666552584315607e-9	-1.7666571006485883e-9	-1.7666577665760078e-9
0.0625	0.4375	0.1464466094067263	0.1483432023534306	0.14834320235343168	0.1483432023534314	0.14834320235343268	0.14834320235343074	0.14834320235343007	2.8403177973677684e-12	-1.9996634074524444e-9	-1.999662204329505e-9	-1.9996627209375764e-9	-1.9996614642643625e-9	-1.9996634307353837e-9	-1.999664100813367e-9
0.0625	0.5	4.6865204053262986e-17	-6.245004513516506e-17	9.759923118267546e-16	7.086237463857998e-16	1.9934341512726407e-15	3.2094687270143414e-16	-6.263261557532894e-16	1.7053025658242404e-12	-2.185236768318042e-9	-2.1852355418553737e-9	-2.1852360818031736e-9	-2.185234799723273e-9	-2.1852367683179337e-9	-2.1852374616789637e-9
0.0625	0.5625	-0.1464466094067262	-0.1483432023534308	-0.14834320235342974	-0.14834320235343001	-0.14834320235342877	-0.14834320235343063	-0.14834320235343132	8.084340330972596e-13	-2.260698312755154e-9	-2.2606971096322144e-9	-2.2606976523692015e-9	-2.260696394326317e-9	-2.260698336038093e-9	-2.2606989797265964e-9
0.0625	0.625	-0.27059805007309845	-0.2741024968830297	-0.2741024968830287	-0.2741024968830289	-0.2741024968830277	-0.2741024968830293	-0.2741024968830301	2.930651279438624e-13	-2.196453868586881e-9	-2.196452735483125e-9	-2.1964532584698154e-9	-2.1964520730161045e-9	-2.1964538685867866e-9	-2.196454484788145e-9
0.0625	0.6875	-0.3535533905932737	-0.35813217100750894	-0.35813217100750805	-0.35813217100750827	-0.35813217100750716	-0.3581321710075087	-0.3581321710075094	7.62281025880495e-14	-1.9991769211906707e-9	-1.999175901232293e-9	-1.9991763826504456e-9	-1.999175315547665e-9	-1.9991769409289947e-9	-1.999177465101318e-9
0.0625	0.75	-0.3826834323650898	-0.38763946857230946	-0.3876394685723087	-0.3876394685723089	-0.3876394685723079	-0.38763946857230924	-0.3876394685723099	1.2646134139870924e-14	-1.6968773326316527e-9	-1.6968764653915856e-9	-1.696876883441004e-9	-1.6968759758716258e-9	-1.6968773326315861e-9	-1.6968777863017147e-9
0.0625	0.8125	-0.35355339059327373	-0.3581321710075088	-0.35813217100750827	-0.3581321710075085	-0.3581321710075077	-0.3581321710075087	-0.35813217100750927	1.0626272514615283e-15	-1.3220302910228124e-9	-1.3220296095084142e-9	-1.3220299448773747e-9	-1.3220292318363196e-9	-1.3220303042115402e-9	-1.3220306406200777e-9
0.0625	0.875	-0.27059805007309856	-0.27410249688302957	-0.27410249688302923	-0.27410249688302935	-0.2741024968830288	-0.2741024968830295	-0.2741024968830299	2.6692655145943173e-17	-9.019435385962294e-10	-9.01943069249288e-10	-9.01943304748454e-10	-9.019428136787803e-10	-9.019435385961954e-10	-9.019437747759795e-10
0.0625	0.9375	-0.1464466094067265	-0.14834320235343074	-0.14834320235343057	-0.14834320235343063	-0.14834320235343035	-0.14834320235343074	-0.1483432023534309	3.6805094393991527e-20	-4.5654699371201205e-10	-4.565467543959808e-10	-4.5654687678812437e-10	-4.565466265142326e-10	-4.565469983432776e-10	-4.565471118018871e-10
0.125	0.0625	0.27059805007309845	0.27410249688302935	0.2741024968830299	0.27410249688302984	0.27410249688303046	0.27410249688302973	0.27410249688302923	1.6694790817114557e-12	-1.0685212159919956e-9	-1.0685207466450507e-9	-1.0685209208398316e-9	-1.0685204330971743e-9	-1.0685212159919476e-9	-1.0685215140874725e-9
0.125	0.125	0.4999999999999999	0.5064753733609392	0.5064753733609403	0.5064753733609402	0.5064753733609413	0.5064753733609393	0.506475373360939	2.6797774380928584e-11	-1.920687060047523e-9	-1.9206861392170898e-9	-1.920686492210315e-9	-1.920685534159081e-9	-1.920687077867511e-9	-1.9206876335473098e-9
0.125	0.1875	0.6532814824381882	0.6617419654553386	0.66174196545534	0.6617419654553398	0.6617419654553414	0.6617419654553396	0.661741965455338	9.698580790916518e-11	-2.4093427274568918e-9	-2.4093413908698756e-9	-2.4093419189251137e-9	-2.409340526368319e-9	-2.409342727456757e-9	-2.4093435440515004e-9
0.125	0.25	0.7071067811865475	0.7162643420150173	0.716264342015019	0.7162643420150188	0.7162643420150208	0.7162643420150174	0.7162643420150168	1.8356116626705443e-10	-2.6652120730370073e-9	-2.665210371564229e-9	-2.665211063744459e-9	-2.665209289487304e-9	-2.665212105964054e-9	-2.6652130923944096e-9
0.125	0.3125	0.6532814824381882	0.6617419654553387	0.6617419654553405	0.66174196545534	0.6617419654553425	0.6617419654553398	0.6617419654553378	2.346633490414407e-10	-2.950632219686018e-9	-2.950630219342189e-9	-2.9506310556876113e-9	-2.950628967496933e-9	-2.950632219685822e-9	-2.950633395292033e-9
0.125	0.375	0.5	0.5064753733609395	0.5064753733609413	0.5064753733609407	0.5064753733609433	0.5064753733609395	0.5064753733609384	2.25125475512432e-10	-3.4069818203368006e-9	-3.406979597255482e-9	-3.4069805518227276e-9	-3.406978229793405e-9	-3.4069818633580615e-9	-3.4069831015007297e-9
0.125	0.4375	0.27059805007309856	0.27410249688302946	0.2741024968830314	0.2741024968830309	0.2741024968830334	0.2741024968830303	0.27410249688302835	1.6966164976276803e-10	-3.964015700057684e-9	-3.964013340491258e-9	-3.9640143792857774e-9	-3.964011912718498e-9	-3.964015700057462e-9	-3.96401703400057e-9
0.125	0.5	8.659560562354932e-17	-8.085145892545782e-17	1.9275923232540652e-15	1.361059058093385e-15	3.863484561063649e-15	1.0673596612773666e-16	-1.2099323320258012e-15	1.0186340659856796e-10	-4.430524064616592e-9	-4.430521658370711e-9	-4.430522743844684e-9	-4.430520227758915e-9	-4.430524111182468e-9	-4.430525398559476e-9
0.125	0.5625	-0.2705980500730984	-0.2741024968830297	-0.2741024968830277	-0.27410249688302823	-0.2741024968830258	-0.274102496883029	-0.27410249688303073	4.829045957700964e-11	-4.63709507679541e-9	-4.6370927172289845e-9	-4.637093806292389e-9	-4.637091337712828e-9	-4.6370950767952e-9	-4.637096359968114e-9
0.125	0.625	-0.4999999999999999	-0.5064753733609398	-0.5064753733609378	-0.5064753733609383	-0.506475373360936	-0.5064753733609393	-0.5064753733609406	1.7505756975846713e-11	-4.517079904700196e-9	-4.5170776816188755e-9	-4.517078730908457e-9	-4.517076405072122e-9	-4.517079947721456e-9	-4.517081090197192e-9
0.125	0.6875	-0.6532814824381881	-0.6617419654553391	-0.6617419654553374	-0.6617419654553378	-0.6617419654553358	-0.6617419654553385	-0.66174196545534	4.55335866125949e-12	-4.101002198643042e-9	-4.101000198299219e-9	-4.101001162556524e-9	-4.100999069190609e-9	-4.1010021986428775e-9	-4.101003245061603e-9
0.125	0.75	-0.7071067811865475	-0.7162643420150179	-0.7162643420150163	-0.7162643420150168	-0.7162643420150149	-0.7162643420150174	-0.7162643420150185	7.553957459549565e-13	-3.4658863063969793e-9	-3.4658846049242027e-9	-3.4658854422082813e-9	-3.4658836620258743e-9	-3.4658863393240302e-9	-3.465887179203524e-9
0.125	0.8125	-0.6532814824381881	-0.6617419654553389	-0.6617419654553378	-0.6617419654553383	-0.6617419654553367	-0.6617419654553387	-0.6617419654553397	6.347426782063529e-14	-2.6892612368056663e-9	-2.6892599002186576e-9	-2.689260570863542e-9	-2.689259172415427e-9	-2.689261236805564e-9	-2.6892619093886886e-9
0.125	0.875	-0.5000000000000001	-0.5064753733609395	-0.5064753733609388	-0.5064753733609392	-0.5064753733609381	-0.5064753733609395	-0.5064753733609402	1.5944412673843389e-15	-1.829195582246993e-9	-1.8291946614165638e-9	-1.8291951323520437e-9	-1.8291941693584074e-9	-1.8291956000669866e-9	-1.8291960366283798e-9
0.125	0.9375	-0.2705980500730989	-0.2741024968830295	-0.27410249688302923	-0.2741024968830294	-0.27410249688302885	-0.27410249688302957	-0.2741024968830299	2.198490971801094e-18	-9.242444321067473e-10	-9.24243962759806e-10	-9.242442071592727e-10	-9.242437164258765e-10	-9.242444321067133e-10	-9.242446592974407e-10
0.1875	0.0625	0.3535533905932738	0.3581321710075086	0.35813217100750944	0.35813217100750927	0.3581321710075101	0.3581321710075087	0.3581321710075084	1.7658095153325296e-11	-1.8255681605501287e-9	-1.8255674790357263e-9	-1.825567740289001e-9	-1.8255670312271708e-9	-1.8255681737388517e-9	-1.8255685850021752e-9
0.1875	0.125	0.6532814824381882	0.6617419654553386	0.66174196545534	0.6617419654553398	0.6617419654553414	0.6617419654553396	0.661741965455338	2.834402988929243e-10	-3.0621331538228725e-9	-3.0621318172358526e-9	-3.0621323452910903e-9	-3.0621309527342963e-9	-3.0621331538227257e-9	-3.062133970417478e-9
0.1875	0.1875	0.8535533905932737	0.8646075443684479	0.86460754436845	0.8646075443684497	0.864607544368452	0.864607544368448	0.8646075443684472	1.0258197561999536e-9	-3.1642223019445916e-9	-3.1642203611557773e-9	-3.1642211506927365e-9	-3.1642191268822613e-9	-3.1642223395029e-9	-3.1642234646769377e-9
0.1875	0.25	0.9238795325112867	0.9358444623383679	0.9358444623383704	0.9358444623383699	0.9358444623383729	0.9358444623383696	0.935844462338367	1.9415280945456193e-9	-2.6690850862766977e-9	-2.6690826165859197e-9	-2.66908364916569e-9	-2.669081071016287e-9	-2.669085086276434e-9	-2.6690865377188355e-9
0.1875	0.3125	0.8535533905932737	0.8646075443684482	0.8646075443684507	0.86460754436845	0.8646075443684533	0.8646075443684482	0.8646075443684467	2.4820363380197917e-9	-2.5845882002771856e-9	-2.584585295681463e-9	-2.5845865428836703e-9	-2.584583509006157e-9	-2.5845882564871693e-9	-2.584589874198524e-9
0.1875	0.375	0.6532814824381883	0.6617419654553389	0.6617419654553415	0.6617419654553407	0.6617419654553442	0.66174196545534	0.6617419654553371	2.381154164543882e-9	-3.4021900305345995e-9	-3.402186803728097e-9	-3.4021882243233655e-9	-3.4021848511886972e-9	-3.4021900305342666e-9	-3.402191854757691e-9
0.1875	0.4375	0.35355339059327384	0.3581321710075088	0.3581321710075116	0.3581321710075107	0.3581321710075144	0.35813217100750894	0.3581321710075071	1.7945127843769561e-9	-4.830684879044154e-9	-4.83068145283989e-9	-4.83068299842406e-9	-4.830679415821033e-9	-4.830684945348349e-9	-4.83068677841812e-9
0.1875	0.5	1.1314261122877003e-16	-9.218218500249699e-17	2.731716725651091e-15	1.888234532094811e-15	5.5468072742234015e-15	8.607913184160937e-16	-1.7254433454056497e-15	1.0774101610877551e-9	-6.1995127522100466e-9	-6.199509259539857e-9	-6.1995108715899505e-9	-6.19950721755668e-9	-6.199512752209704e-9	-6.199514651584009e-9
0.1875	0.5625	-0.3535533905932737	-0.35813217100750905	-0.35813217100750616	-0.358132171007507	-0.3581321710075035	-0.35813217100750866	-0.3581321710075105	5.107686221108486e-10	-6.974626679913213e-9	-6.97462325370895e-9	-6.974624870869959e-9	-6.9746212863000706e-9	-6.9746267462174095e-9	-6.9746285069965594e-9
0.1875	0.625	-0.6532814824381882	-0.6617419654553391	-0.6617419654553365	-0.6617419654553371	-0.6617419654553339	-0.6617419654553383	-0.6617419654553405	1.8515854783493226e-10	-6.9918884825235785e-9	-6.9918852557170825e-9	-6.9918868111855425e-9	-6.991883434322704e-9	-6.9918884825232865e-9	-6.991890170528486e-9
0.1875	0.6875	-0.8535533905932735	-0.8646075443684487	-0.864607544368446	-0.8646075443684467	-0.8646075443684439	-0.864607544368448	-0.86460754436845	4.816091521512968e-11	-6.380801033233838e-9	-6.380798128638119e-9	-6.380799557971446e-9	-6.380796519009987e-9	-6.380801089443825e-9	-6.380802523207804e-9
0.1875	0.75	-0.9238795325112867	-0.9358444623383686	-0.9358444623383664	-0.935844462338367	-0.9358444623383646	-0.935844462338368	-0.9358444623383698	7.98982754957045e-12	-5.3682824544374554e-9	-5.36827998474669e-9	-5.368281223936853e-9	-5.3682786399416715e-9	-5.36828245443725e-9	-5.368283697208828e-9
0.1875	0.8125	-0.8535533905932736	-0.8646075443684483	-0.8646075443684467	-0.8646075443684473	-0.8646075443684453	-0.8646075443684482	-0.8646075443684496	6.713678974733936e-13	-4.139004413911859e-9	-4.139002473123051e-9	-4.1390034656904955e-9	-4.1390014360363834e-9	-4.139004451470175e-9	-4.139005371589056e-9
0.1875	0.875	-0.6532814824381884	-0.6617419654553388	-0.6617419654553378	-0.6617419654553384	-0.6617419654553369	-0.6617419654553388	-0.6617419654553398	1.6864419521206897e-14	-2.80129150330829e-9	-2.8012901667212815e-9	-2.8012908627120775e-9	-2.8012894652216e-9	-2.801291503308187e-9	-2.8012921502926443e-9
0.1875	0.9375	-0.35355339059327434	-0.35813217100750877	-0.3581321710075084	-0.3581321710075086	-0.3581321710075078	-0.35813217100750894	-0.3581321710075094	2.3253458638123847e-17	-1.4112349535185104e-9	-1.411234272004112e-9	-1.4112346332204042e-9	-1.411233921151435e-9	-1.4112349667072381e-9	-1.4112352770106876e-9
0.25	0.0625	0.3826834323650898	0.38763946857230924	0.38763946857231013	0.3876394685723099	0.3876394685723109	0.38763946857230974	0.38763946857230885	9.1582852482457e-11	-2.8756867084827395e-9	-2.8756858412426615e-9	-2.875686183869558e-9	-2.8756852803136823e-9	-2.8756867084826328e-9	-2.875687238327449e-9
0.25	0.125	0.7071067811865475	0.7162643420150173	0.7162643420150191	0.7162643420150188	0.7162643420150208	0.7162643420150174	0.7162643420150167	1.4700493374680823e-9	-3.945400625739768e-9	-3.945398924266979e-9	-3.945399616447206e-9	-3.9453978421900545e-9	-3.9454006586668075e-9	-3.945401645097161e-9
0.25	0.1875	0.9238795325112867	0.9358444623383679	0.9358444623383706	0.93584446233837	0.9358444623383728	0.9358444623383695	0.935844462338367	5.32036431958849e-9	-1.2169789651856296e-9	-1.2169764954948437e-9	-1.2169775280746122e-9	-1.2169749499252126e-9	-1.2169789651853339e-9	-1.2169804166277611e-9
0.25	0.25	1.0	1.0129507467218788	1.0129507467218817	1.012950746721881	1.0129507467218848	1.0129507467218786	1.0129507467218772	1.0069641120935557e-8	3.207564265746864e-9	3.207567409658627e-9	3.207566059696687e-9	3.207569343542041e-9	3.207564204905617e-9	3.207562453907468e-9
0.25	0.3125	0.9238795325112867	0.9358444623383684	0.9358444623383714	0.9358444623383706	0.9358444623383748	0.9358444623383697	0.9358444623383664	1.287296086170189e-8	5.5122839661532685e-9	5.512287662306719e-9	5.512286035082374e-9	5.5122898988477736e-9	5.5122839661536896e-9	5.5122818765924386e-9
0.25	0.375	0.7071067811865476	0.7162643420150177	0.716264342015021	0.7162643420150199	0.7162643420150243	0.7162643420150177	0.7162643420150154	1.2349740370967699e-8	3.915324404735985e-9	3.915328512454655e-9	3.915326659434687e-9	3.915330954661756e-9	3.915324325243068e-9	3.915322127553051e-9
0.25	0.4375	0.3826834323650899	0.3876394685723094	0.38763946857231285	0.38763946857231174	0.38763946857231635	0.3876394685723105	0.38763946857230724	9.307153358414704e-9	-4.49545231543543e-10	-4.4954087163326856e-10	-4.4954288396004125e-10	-4.495383226197882e-10	-4.495452315430583e-10	-4.4954760253752503e-10
0.25	0.5	1.2246467991473532e-16	-9.117298385369886e-17	3.484094632551943e-15	2.3312827487899542e-15	6.976658831507162e-15	1.5346322356856734e-16	-2.149232113732201e-15	5.587935447692871e-9	-5.134013662766645e-9	-5.134009216603989e-9	-5.134011315183142e-9	-5.1340066635104786e-9	-5.134013748809151e-9	-5.134016033760624e-9
0.25	0.5625	-0.38268343236508967	-0.38763946857230946	-0.387639468572306	-0.38763946857230713	-0.38763946857230264	-0.38763946857230847	-0.38763946857231146	2.6490766396531003e-9	-8.271089597137294e-9	-8.271085237227026e-9	-8.27108733890337e-9	-8.271082776243997e-9	-8.271089597136847e-9	-8.271091877890686e-9
0.25	0.625	-0.7071067811865475	-0.7162643420150178	-0.7162643420150145	-0.7162643420150154	-0.7162643420150113	-0.7162643420150174	-0.7162643420150197	9.603158112464483e-10	-9.343492514240149e-9	-9.343488406521482e-9	-9.343490427904052e-9	-9.343486130163542e-9	-9.343492593733066e-9	-9.343494621381529e-9
0.25	0.6875	-0.9238795325112865	-0.9358444623383685	-0.9358444623383655	-0.9358444623383664	-0.9358444623383628	-0.9358444623383677	-0.9358444623383704	2.497842465605206e-10	-8.822538880186898e-9	-8.822535184033458e-9	-8.822537038612594e-9	-8.822533171390515e-9	-8.822538880186555e-9	-8.822540740125684e-9
0.25	0.75	-1.0	-1.0129507467218792	-1.0129507467218763	-1.0129507467218772	-1.0129507467218741	-1.0129507467218788	-1.0129507467218808	4.143885234952904e-11	-7.433856710009865e-9	-7.433853566098114e-9	-7.433855173972412e-9	-7.433851886106479e-9	-7.433856770851117e-9	-7.433858261364944e-9
0.25	0.8125	-0.9238795325112866	-0.9358444623383686	-0.9358444623383664	-0.9358444623383673	-0.9358444623383648	-0.9358444623383682	-0.9358444623383699	3.482016977589136e-12	-5.690079468192578e-9	-5.690076998501813e-9	-5.690078284525113e-9	-5.690075702299416e-9	-5.69007946819237e-9	-5.690080663663778e-9
0.25	0.875	-0.7071067811865477	-0.7162643420150175	-0.7162643420150163	-0.716264342015017	-0.7162643420150152	-0.7162643420150177	-0.7162643420150188	8.746649238222659e-14	-3.825359097647579e-9	-3.825357396174802e-9	-3.825358297989477e-9	-3.825356520233984e-9	-3.8253591305746285e-9	-3.825359905280009e-9
0.25	0.9375	-0.3826834323650904	-0.3876394685723094	-0.3876394685723088	-0.38763946857230913	-0.38763946857230813	-0.38763946857230935	-0.3876394685723101	1.2060293331023143e-16	-1.9194018684471926e-9	-1.9194010012071246e-9	-1.9194014686181418e-9	-1.9194005628908844e-9	-1.9194018684471227e-9	-1.919402272263408e-9
0.3125	0.0625	0.3535533905932738	0.3581321710075088	0.3581321710075097	0.3581321710075095	0.3581321710075106	0.3581321710075087	0.35813217100750827	3.2024745219771923e-10	-4.325218071597992e-9	-4.325217051639599e-9	-4.325217466571316e-9	-4.325216402981897e-9	-4.325218091336304e-9	-4.3252186826580775e-9
0.3125	0.125	0.6532814824381882	0.6617419654553387	0.6617419654553405	0.6617419654553401	0.6617419654553425	0.6617419654553396	0.6617419654553377	5.140477088975558e-9	-3.4628803650251035e-9	-3.4628783646812476e-9	-3.4628792010266657e-9	-3.4628771128359954e-9	-3.4628803650248227e-9	-3.462881540631096e-9
0.3125	0.1875	0.8535533905932737	0.8646075443684482	0.8646075443684508	0.86460754436845	0.8646075443684533	0.8646075443684479	0.8646075443684467	1.8604280953557775e-8	8.694136959040839e-9	8.69413986363659e-9	8.694138616434384e-9	8.694141650311888e-9	8.694136902830867e-9	8.69413528511952e-9
0.3125	0.25	0.9238795325112867	0.9358444623383685	0.9358444623383715	0.9358444623383706	0.9358444623383748	0.9358444623383697	0.9358444623383664	3.52115797457031e-8	2.5469362069621887e-8	2.5469365765775365e-8	2.5469364138551027e-8	2.5469368002316413e-8	2.5469362069622387e-8	2.546935998006108e-8
0.3125	0.3125	0.8535533905932737	0.8646075443684483	0.8646075443684519	0.8646075443684508	0.8646075443684555	0.8646075443684482	0.864607544368446	4.501424454966252e-8	3.4897311665677054e-8	3.489731601271179e-8	3.489731405173472e-8	3.489731859720206e-8	3.489731158155289e-8	3.489730925582527e-8
0.3125	0.375	0.6532814824381883	0.6617419654553388	0.6617419654553428	0.6617419654553416	0.6617419654553467	0.6617419654553401	0.6617419654553365	4.318464408895006e-8	3.1461909606042586e-8	3.146191443529983e-8	3.1461912206344875e-8	3.146191725871611e-8	3.1461909606043215e-8	3.1461906979809693e-8
0.3125	0.4375	0.35355339059327384	0.35813217100750877	0.3581321710075129	0.3581321710075115	0.35813217100751693	0.35813217100750894	0.35813217100750633	3.2545308094839014e-8	1.874217773407864e-8	1.8742182861755715e-8	1.874218044150325e-8	1.8742185806191182e-8	1.8742177634847426e-8	1.8742174999655204e-8
0.3125	0.5	1.1314261122877003e-16	-4.163336342344337e-17	4.0599364575382445e-15	2.622040311761265e-15	8.095963394664636e-15	1.060607462699457e-15	-2.5029921038691408e-15	1.9539925233402755e-8	4.337602946027229e-9	4.337608173177598e-9	4.337605653451842e-9	4.337611123680585e-9	4.337602946027864e-9	4.337600211603799e-9
0.3125	0.5625	-0.3535533905932737	-0.3581321710075088	-0.35813217100750494	-0.35813217100750633	-0.35813217100750105	-0.3581321710075087	-0.35813217100751127	9.263306629239434e-9	-6.012615578961183e-9	-6.0126104512841116e-9	-6.012612974581788e-9	-6.0126076096999314e-9	-6.0126156781923995e-9	-6.012618209311817e-9
0.3125	0.625	-0.6532814824381882	-0.6617419654553388	-0.6617419654553353	-0.6617419654553365	-0.6617419654553316	-0.661741965455338	-0.6617419654553411	3.3580379243567565e-9	-1.0735613565549355e-8	-1.0735608736292134e-8	-1.0735611159416547e-8	-1.0735606106647405e-8	-1.0735613565548836e-8	-1.0735615995676474e-8
0.3125	0.6875	-0.8535533905932735	-0.8646075443684479	-0.8646075443684451	-0.8646075443684461	-0.8646075443684418	-0.8646075443684482	-0.8646075443684504	8.734470088214005e-10	-1.1239749098225548e-8	-1.1239744751190843e-8	-1.123974697437199e-8	-1.123974242829424e-8	-1.1239749182349725e-8	-1.1239751243258499e-8
0.3125	0.75	-0.9238795325112867	-0.9358444623383685	-0.9358444623383655	-0.9358444623383665	-0.9358444623383629	-0.9358444623383678	-0.9358444623383704	1.4490362035268767e-10	-9.634669903923642e-9	-9.6346662077702e-9	-9.634668132440078e-9	-9.63466426786622e-9	-9.63466990392329e-9	-9.634671693072718e-9
0.3125	0.8125	-0.8535533905932736	-0.8646075443684482	-0.864607544368446	-0.8646075443684469	-0.864607544368444	-0.8646075443684483	-0.86460754436845	1.2175937256330012e-11	-7.3301353794819225e-9	-7.3301324748862e-9	-7.330134014380145e-9	-7.33013097956169e-9	-7.330135435691907e-9	-7.330136758196713e-9
0.3125	0.875	-0.6532814824381884	-0.6617419654553389	-0.6617419654553374	-0.661741965455338	-0.661741965455336	-0.6617419654553387	-0.6617419654553401	3.058533402139322e-13	-4.888856876691186e-9	-4.888854876347359e-9	-4.888855954460298e-9	-4.8888538653433506e-9	-4.888856876691009e-9	-4.888857808118707e-9
0.3125	0.9375	-0.35355339059327434	-0.3581321710075089	-0.35813217100750816	-0.3581321710075085	-0.3581321710075074	-0.35813217100750894	-0.35813217100750955	4.217250399311529e-16	-2.441003165678212e-9	-2.4410021457198325e-9	-2.441002704562768e-9	-2.441001640317994e-9	-2.4410031854165344e-9	-2.4410036313919725e-9
0.375	0.0625	0.2705980500730985	0.27410249688302957	0.2741024968830305	0.27410249688303023	0.27410249688303157	0.2741024968830299	0.27410249688302896	8.693216075483223e-10	-6.249815431453446e-9	-6.249814298349658e-9	-6.24981477210128e-9	-6.249813589236287e-9	-6.2498154314532545e-9	-6.249816097380734e-9
0.375	0.125	0.5	0.5064753733609395	0.5064753733609414	0.5064753733609407	0.5064753733609434	0.5064753733609394	0.5064753733609383	1.3953983945497813e-8	4.759359990100429e-10	4.759382220914197e-10	4.759372675241801e-10	4.759395895534847e-10	4.759359559888231e-10	4.759347178461631e-10
0.375	0.1875	0.6532814824381883	0.6617419654553389	0.6617419654553416	0.6617419654553407	0.6617419654553442	0.66174196545534	0.6617419654553371	5.050189568984387e-8	3.5800233705308296e-8	3.580023693211485e-8	3.58002355115196e-8	3.580023888465424e-8	3.5800233705308825e-8	3.5800231881085254e-8
0.375	0.25	0.7071067811865476	0.7162643420150177	0.716264342015021	0.7162643420150199	0.7162643420150244	0.7162643420150172	0.7162643420150155	9.558292157763049e-8	8.23140588125401e-8	8.231406292025886e-8	8.231406106723887e-8	8.231406536246591e-8	8.231405873304722e-8	8.231405653535722e-8
0.375	0.3125	0.6532814824381883	0.6617419654553388	0.6617419654553428	0.6617419654553415	0.6617419654553467	0.6617419654553404	0.6617419654553365	1.221925581794359e-7	1.0899047890065173e-7	1.0899048372990902e-7	1.0899048150095407e-7	1.0899048655332529e-7	1.0899047890065249e-7	1.089904762744189e-7
0.375	0.375	0.5000000000000001	0.5064753733609395	0.5064753733609437	0.5064753733609424	0.5064753733609481	0.5064753733609395	0.506475373360937	1.1722605117754495e-7	1.0157553516500076e-7	1.015755405319939e-7	1.0157553799878479e-7	1.0157554361385037e-7	1.0157553506113831e-7	1.0157553230295791e-7
0.375	0.4375	0.2705980500730986	0.2741024968830295	0.274102496883034	0.2741024968830324	0.27410249688303845	0.27410249688303073	0.2741024968830268	8.834524476932707e-8	6.93583522991118e-8	6.935835799560915e-8	6.935835524963667e-8	6.935836121103841e-8	6.935835229911265e-8	6.935834931916395e-8
0.375	0.5	8.659560562354934e-17	-1.4835979218054374e-17	4.4614237993461754e-15	2.7979965382143237e-15	8.87794020424978e-15	6.843207415299067e-17	-2.765301343493849e-15	5.3041731007397175e-8	3.199263047499999e-8	3.1992636284191515e-8	3.199263342552488e-8	3.1992639503447785e-8	3.19926303625801e-8	3.199262749505215e-8
0.375	0.5625	-0.27059805007309845	-0.2741024968830295	-0.2741024968830252	-0.2741024968830269	-0.274102496883021	-0.27410249688302857	-0.27410249688303223	2.5145532165457165e-8	4.311332327606251e-9	4.311338024103588e-9	4.311335165833466e-9	4.311341125981041e-9	4.3113323276070005e-9	4.311329461075908e-9
0.375	0.625	-0.5	-0.5064753733609394	-0.5064753733609355	-0.5064753733609371	-0.5064753733609315	-0.5064753733609395	-0.5064753733609421	9.115497739565896e-9	-9.57964185956677e-9	-9.579636492573659e-9	-9.579639237386757e-9	-9.579633624648532e-9	-9.579641963429242e-9	-9.5796445078955e-9
0.375	0.6875	-0.6532814824381882	-0.6617419654553388	-0.6617419654553353	-0.6617419654553367	-0.6617419654553318	-0.6617419654553381	-0.6617419654553411	2.3709989028986918e-9	-1.320791272153731e-8	-1.3207907892280086e-8	-1.3207910406982463e-8	-1.3207905357673388e-8	-1.3207912721536767e-8	-1.3207915059173206e-8
0.375	0.75	-0.7071067811865476	-0.7162643420150177	-0.7162643420150145	-0.7162643420150158	-0.7162643420150117	-0.7162643420150177	-0.7162643420150197	3.933453562865452e-10	-1.1859343593994488e-8	-1.1859339486275808e-8	-1.1859341663449016e-8	-1.1859337371567601e-8	-1.1859343673487393e-8	-1.1859345543791625e-8
0.375	0.8125	-0.6532814824381882	-0.6617419654553389	-0.6617419654553365	-0.6617419654553376	-0.6617419654553343	-0.6617419654553385	-0.6617419654553407	3.3051958029459376e-11	-9.003000752597076e-9	-9.002997525790574e-9	-9.002999264922506e-9	-9.00299589491379e-9	-9.003000752596756e-9	-9.003002255106951e-9
0.375	0.875	-0.5000000000000001	-0.5064753733609394	-0.506475373360938	-0.5064753733609386	-0.5064753733609364	-0.5064753733609396	-0.5064753733609408	8.302483456594165e-13	-5.95280899526522e-9	-5.952806772183893e-9	-5.952807990227015e-9	-5.952805670619937e-9	-5.952809038286476e-9	-5.952810010325809e-9
0.375	0.9375	-0.27059805007309895	-0.27410249688302957	-0.2741024968830288	-0.2741024968830292	-0.274102496883028	-0.27410249688302946	-0.2741024968830303	1.1447856560307124e-15	-2.9557183222771597e-9	-2.955717189173401e-9	-2.955717819758058e-9	-2.955716638220076e-9	-2.9557183222770534e-9	-2.9557188298074544e-9
0.4375	0.0625	0.1464466094067263	0.14834320235343068	0.1483432023534317	0.1483432023534314	0.14834320235343273	0.14834320235343068	0.14834320235343007	1.972893862007187e-9	-8.660725891448272e-9	-8.660724688325276e-9	-8.660725204933344e-9	-8.660723948260146e-9	-8.660725914731166e-9	-8.660726584809147e-9
0.4375	0.125	0.27059805007309856	0.27410249688302946	0.2741024968830315	0.27410249688303084	0.27410249688303345	0.27410249688303023	0.27410249688302835	3.166806051705e-8	1.0995433639601541e-8	1.099543599916804e-8	1.0995434960373539e-8	1.0995437426940784e-8	1.0995433639602002e-8	1.0995432305658725e-8
0.4375	0.1875	0.35355339059327384	0.35813217100750877	0.35813217100751155	0.35813217100751066	0.3581321710075144	0.35813217100750866	0.3581321710075071	1.1461222079503166e-7	9.33302322867246e-8	9.333023571292895e-8	9.333023416734478e-8	9.333023774994778e-8	9.333023222042046e-8	9.33302303873507e-8
0.4375	0.25	0.3826834323650899	0.3876394685723093	0.38763946857231285	0.38763946857231174	0.38763946857231635	0.3876394685723106	0.38763946857230724	2.1692197416448011e-7	1.9961890224507148e-7	1.996189066049818e-7	1.9961890459265506e-7	1.996189091539953e-7	1.9961890224507228e-7	1.9961889987407756e-7
0.4375	0.3125	0.35355339059327384	0.35813217100750877	0.3581321710075129	0.35813217100751144	0.3581321710075169	0.3581321710075087	0.35813217100750633	2.773115794223082e-7	2.610364158293078e-7	2.6103642095698497e-7	2.610364185367325e-7	2.610364239014204e-7	2.6103641573007663e-7	2.6103641309488444e-7
0.4375	0.375	0.2705980500730986	0.2741024968830295	0.27410249688303406	0.2741024968830324	0.27410249688303845	0.2741024968830308	0.2741024968830268	2.660402718940391e-7	2.459868436847159e-7	2.459868493812133e-7	2.459868466352408e-7	2.459868525966425e-7	2.4598684368471695e-7	2.459868407047681e-7
0.4375	0.4375	0.14644660940672632	0.14834320235343065	0.14834320235343534	0.14834320235343357	0.14834320235344	0.14834320235343074	0.14834320235342785	2.0049632912551236e-7	1.7506517357972203e-7	1.7506517962822967e-7	1.750651766517971e-7	1.7506518298010673e-7	1.7506517346267097e-7	1.7506517047701205e-7
0.4375	0.5	4.6865204053263e-17	-1.0398740241180755e-16	4.7169989729647185e-15	2.8228167627751908e-15	9.293018299612663e-15	1.038018999820316e-15	-2.9119563559436322e-15	1.2037628493999364e-7	9.184410110184538e-8	9.184410726768976e-8	9.184410417392046e-8	9.18441106251377e-8	9.184410110184644e-8	9.184409799913537e-8
0.4375	0.5625	-0.14644660940672624	-0.1483432023534308	-0.14834320235342618	-0.14834320235342804	-0.14834320235342174	-0.14834320235343076	-0.14834320235343354	5.70668733359157e-8	2.9251361557465252e-8	2.925136760597284e-8	2.9251364512616417e-8	2.9251370838074373e-8	2.925136144041413e-8	2.9251358572845087e-8
0.4375	0.625	-0.27059805007309856	-0.2741024968830295	-0.2741024968830253	-0.27410249688302707	-0.27410249688302124	-0.2741024968830287	-0.2741024968830323	2.068729154248048e-8	-3.4938772461768633e-9	-3.493871549679515e-9	-3.493874515973209e-9	-3.4938685599070582e-9	-3.4938772461760684e-9	-3.493880003606368e-9
0.4375	0.6875	-0.3535533905932738	-0.3581321710075087	-0.35813217100750505	-0.3581321710075066	-0.35813217100750144	-0.35813217100750894	-0.35813217100751127	5.380896024828862e-9	-1.4034694096496857e-8	-1.4034688968819767e-8	-1.4034691686591343e-8	-1.4034686329023409e-8	-1.4034694195728049e-8	-1.4034696530434212e-8
0.4375	0.75	-0.3826834323650899	-0.3876394685723094	-0.38763946857230613	-0.3876394685723075	-0.38763946857230314	-0.38763946857230874	-0.3876394685723116	8.926830212530046e-10	-1.3894942835939351e-8	-1.3894938476029067e-8	-1.3894940825862913e-8	-1.389493627246451e-8	-1.3894942835938842e-8	-1.3894944866060508e-8
0.4375	0.8125	-0.35355339059327384	-0.3581321710075089	-0.3581321710075064	-0.35813217100750744	-0.35813217100750394	-0.35813217100750894	-0.3581321710075106	7.50102201043184e-11	-1.0599099690609028e-8	-1.0599096264404748e-8	-1.059909814164805e-8	-1.0599094566678672e-8	-1.0599099756913206e-8	-1.0599101255016438e-8
0.4375	0.875	-0.2705980500730986	-0.27410249688302946	-0.2741024968830279	-0.2741024968830287	-0.27410249688302624	-0.27410249688302923	-0.2741024968830308	1.884218511159041e-12	-6.947334071209992e-9	-6.947331711643556e-9	-6.947333024768123e-9	-6.947330564342647e-9	-6.947334071209744e-9	-6.9473351280871115e-9
0.4375	0.9375	-0.14644660940672652	-0.14834320235343068	-0.1483432023534299	-0.1483432023534303	-0.14834320235342904	-0.14834320235343082	-0.1483432023534314	2.5980495302152255e-15	-3.4289649025708972e-9	-3.4289636994479513e-9	-3.4289643793499636e-9	-3.4289631262115295e-9	-3.4289649258538303e-9	-3.4289654310094574e-9
0.5	0.0625	4.6865204053262986e-17	-6.245004513516506e-17	1.0061396160665481e-15	6.800116025829084e-16	2.0017897938293894e-15	3.400058012914542e-16	-6.245004513516506e-16	3.9075350392514985e-9	-1.1462007841529194e-8	-1.1462006615066472e-8	-1.1462007155014257e-8	-1.1462005872934383e-8	-1.1462007841528908e-8	-1.1462008534890066e-8
0.5	0.125	8.659560562354932e-17	-1.2074164684046134e-16	1.9290125052862095e-15	1.27675647831893e-15	3.862036205662902e-15	0.0	-1.2073675392798577e-15	6.272210506530485e-8	3.197443192968767e-8	3.1974434335933656e-8	3.197443325045969e-8	3.1974435766545424e-8	3.197443188312188e-8	3.197443059574488e-8
0.5	0.1875	1.1314261122877003e-16	-1.5265566588595902e-16	2.8171909249863347e-15	1.817990202823694e-15	5.5404351781737356e-15	9.159339953157541e-16	-1.7208456881689926e-15	2.270022109691089e-7	1.970986364688362e-7	1.970986399615065e-7	1.9709863834945649e-7	1.970986420034897e-7	1.9709863646883704e-7	1.9709863456946237e-7
0.5	0.25	1.2246467991473532e-16	-1.547264309214513e-16	3.4833247397614286e-15	2.275957200481571e-15	6.96476368875317e-15	2.7755575615628914e-17	-2.1371793224034263e-15	4.296380211599171e-7	4.0809372476879204e-7	4.0809372921495486e-7	4.0809372711637567e-7	4.080937317680483e-7	4.080937246827496e-7	4.0809372239779817e-7
0.5	0.3125	1.1314261122877003e-16	-9.419275896162064e-17	4.093947403305265e-15	2.55351295663786e-15	8.080308467459208e-15	1.1657341758564144e-15	-2.4980018054066022e-15	5.492463300992806e-7	5.304219879112886e-7	5.304219931384392e-7	5.304219906187135e-7	5.304219960889422e-7	5.304219879112898e-7	5.304219851768654e-7
0.5	0.375	8.659560562354934e-17	-2.0953938837695e-17	4.427014310692812e-15	2.733924198139448e-15	8.880282913907086e-15	1.3877787807814457e-17	-2.761679773755077e-15	5.269222558279552e-7	5.023136543801532e-7	5.023136601893449e-7	5.023136573306782e-7	5.023136634086011e-7	5.023136542677334e-7	5.023136514002055e-7
0.5	0.4375	4.6865204053263e-17	-3.355257881015884e-17	4.73232564246473e-15	2.8102520310824275e-15	9.298837544997863e-15	1.0824674490095276e-15	-2.9073965457371287e-15	3.9710520995902735e-7	3.6399526876060723e-7	3.6399527492645185e-7	3.639952718326825e-7	3.6399527828389977e-7	3.639952687606087e-7	3.639952656578975e-7
0.5	0.5	1.4997597826618576e-32	-9.22804208098983e-17	4.689502243470973e-15	2.7541394476969174e-15	9.332368376195655e-15	-7.082098940856355e-17	-2.9625636477964227e-15	2.384185791015625e-7	2.0064698342781387e-7	2.0064698971563762e-7	2.0064698649988905e-7	2.006469930756209e-7	2.0064698330613163e-7	2.0064698032510397e-7
0.5	0.5625	-4.686520405326297e-17	-1.3514783710027341e-16	4.6074255521944e-15	2.5951463200613034e-15	9.016427757695493e-15	8.951173136040325e-16	-2.8935187579293142e-15	1.1302726995853228e-7	7.673786496119364e-8	7.673787112703806e-8	7.673786791634491e-8	7.673787436314444e-8	7.67378649611948e-8	7.673786197657357e-8
0.5	0.625	-8.659560562354932e-17	-8.901587530832624e-17	4.260480856999038e-15	2.3592239273284576e-15	8.383880593751062e-15	-1.942890293094024e-16	-2.733924198139448e-15	4.097347461318179e-8	1.0489585556316597e-8	1.0489591365508162e-8	1.0489588286520317e-8	1.0489594356157209e-8	1.0489585443896758e-8	1.0489582798887144e-8
0.5	0.6875	-1.1314261122877e-16	-2.7755575615628914e-17	3.802513859341161e-15	2.0816681711721685e-15	7.449390189044243e-15	6.661338147750939e-16	-2.4841240175987878e-15	1.0657461186582213e-8	-1.2795367347703618e-8	-1.2795362120553216e-8	-1.2795364937798063e-8	-1.2795359478672409e-8	-1.2795367347702863e-8	-1.2795369781640938e-8
0.5	0.75	-1.2246467991473532e-16	5.0804134678507025e-17	3.191891195797325e-15	1.7486012637846216e-15	6.3045641230443855e-15	-2.3592239273284576e-16	-2.1649348980190553e-15	1.7680577002465725e-9	-1.542455874536827e-8	-1.5424554299205585e-8	-1.542455673529181e-8	-1.5424552096077657e-8	-1.542455883141074e-8	-1.5424560775489407e-8
0.5	0.8125	-1.1314261122877003e-16	6.938893903907228e-17	2.4980018054066022e-15	1.3461454173580023e-15	4.935743528964235e-15	4.718447854656915e-16	-1.734723475976807e-15	1.485660577104698e-10	-1.195283888664371e-8	-1.1952835393973498e-8	-1.1952837337682713e-8	-1.1952833695719257e-8	-1.1952838886643284e-8	-1.1952840451051104e-8
0.5	0.875	-8.659560562354935e-17	1.0958065427537667e-16	1.734723475976807e-15	8.881784197001252e-16	3.3886409354190626e-15	-1.6653345369377348e-16	-1.1934897514720433e-15	3.731903674975001e-12	-7.771810160118225e-9	-7.771807753872328e-9	-7.771809113676347e-9	-7.771806607399481e-9	-7.771810206684083e-9	-7.771811216995337e-9
0.5	0.9375	-4.686520405326306e-17	6.938893903907228e-17	8.604228440844963e-16	4.440892098500626e-16	1.7153004680545026e-15	1.8041124150158794e-16	-6.245004513516506e-16	5.1457251545698746e-15	-3.812589385955192e-9	-3.812588159492516e-9	-3.812588862734253e-9	-3.812587586370376e-9	-3.8125893859550545e-9	-3.8125899143937474e-9
0.5625	0.0625	-0.1464466094067262	-0.14834320235343085	-0.14834320235342974	-0.14834320235343007	-0.1483432023534288	-0.14834320235343065	-0.14834320235343135	6.931481505186076e-9	-1.4399261968846111e-8	-1.4399260765723097e-8	-1.439926130846007e-8	-1.4399260050417221e-8	-1.4399261992128986e-8	-1.4399262635817481e-8
0.5625	0.125	-0.2705980500730984	-0.2741024968830298	-0.2741024968830276	-0.27410249688302835	-0.2741024968830258	-0.2741024968830289	-0.2741024968830308	1.1126121886543021e-7	6.731023134922843e-8	6.731023370879498e-8	6.731023261973162e-8	6.731023508831113e-8	6.73102313492291e-8	6.731023006605586e-8
0.5625	0.1875	-0.3535533905932737	-0.3581321710075091	-0.35813217100750616	-0.35813217100750716	-0.3581321710075035	-0.3581321710075087	-0.35813217100751055	4.026737089144895e-7	3.6212168663515744e-7	3.6212169006136204e-7	3.62121688444201e-7	3.6212169202877086e-7	3.6212168656885345e-7	3.621216848080744e-7
0.5625	0.25	-0.38268343236508967	-0.3876394685723097	-0.3876394685723059	-0.3876394685723073	-0.38763946857230264	-0.38763946857230835	-0.3876394685723115	7.621244512666381e-7	7.365631448262155e-7	7.365631491861261e-7	7.365631470844499e-7	7.365631516471092e-7	7.365631448262169e-7	7.365631425454625e-7
0.5625	0.3125	-0.3535533905932737	-0.35813217100750905	-0.35813217100750494	-0.35813217100750644	-0.35813217100750105	-0.3581321710075087	-0.3581321710075113	9.74294725608846e-7	9.540173881701662e-7	9.540173932978439e-7	9.540173907745459e-7	9.540173961394277e-7	9.540173880709353e-7	9.54017385539816e-7
0.5625	0.375	-0.27059805007309845	-0.2741024968830296	-0.27410249688302524	-0.274102496883027	-0.274102496883021	-0.27410249688302846	-0.2741024968830323	9.346945924359561e-7	9.058082587186007e-7	9.058082644150981e-7	9.058082615568279e-7	9.058082675169755e-7	9.058082587186022e-7	9.058082558520705e-7
0.5625	0.4375	-0.14644660940672624	-0.14834320235343074	-0.1483432023534262	-0.14834320235342807	-0.14834320235342174	-0.14834320235343074	-0.14834320235343357	7.044152875904313e-7	6.626271440945583e-7	6.626271501430662e-7	6.626271470497097e-7	6.626271533751678e-7	6.626271439775075e-7	6.626271411099384e-7
0.5625	0.5	-4.686520405326297e-17	-9.643386491735342e-17	4.618874049509489e-15	2.580709490508301e-15	9.021800018950954e-15	9.361577539643978e-16	-2.9076591259507775e-15	4.229249270792934e-7	3.7431882724454277e-7	3.7431883341038734e-7	3.7431883019969413e-7	3.7431883664649376e-7	3.743188272445444e-7	3.743188242599228e-7
0.5625	0.5625	0.14644660940672616	0.14834320235343057	0.1483432023534351	0.14834320235343312	0.14834320235343945	0.1483432023534305	0.14834320235342788	2.0049632912551236e-7	1.5445315994356853e-7	1.5445316599207628e-7	1.5445316278624612e-7	1.5445316910592842e-7	1.5445315982651758e-7	1.5445315707254385e-7
0.5625	0.625	0.2705980500730984	0.2741024968830294	0.27410249688303373	0.2741024968830318	0.27410249688303767	0.27410249688303034	0.27410249688302685	7.268185150781995e-8	3.5372768693198464e-8	3.537277438969589e-8	3.5372771319490026e-8	3.5372777268791745e-8	3.537276869319954e-8	3.537276604071745e-8
0.5625	0.6875	0.35355339059327356	0.35813217100750866	0.3581321710075125	0.35813217100751077	0.3581321710075161	0.3581321710075085	0.3581321710075064	1.8905011564831288e-8	-8.463169199772997e-9	-8.463164072095862e-9	-8.463166881588978e-9	-8.463161531269207e-9	-8.46316929900413e-9	-8.46317154107407e-9
0.5625	0.75	0.38268343236508967	0.38763946857230946	0.3876394685723126	0.387639468572311	0.38763946857231557	0.38763946857231	0.38763946857230724	3.1363146142660003e-9	-1.605038509180676e-8	-1.6050380731896447e-8	-1.6050383158234256e-8	-1.605037861196078e-8	-1.6050385091806124e-8	-1.6050387044660992e-8
0.5625	0.8125	0.3535533905932736	0.35813217100750905	0.3581321710075113	0.35813217100751016	0.3581321710075137	0.3581321710075086	0.35813217100750716	2.635377216005175e-10	-1.2851798997179994e-8	-1.2851795570975697e-8	-1.2851797507172802e-8	-1.2851793938536467e-8	-1.2851799063484149e-8	-1.2851800502045666e-8
0.5625	0.875	0.2705980500730985	0.2741024968830298	0.2741024968830313	0.27410249688303046	0.2741024968830329	0.27410249688303	0.2741024968830284	6.6199332935937535e-12	-8.302408286981664e-9	-8.302405927415216e-9	-8.302407280367599e-9	-8.302404824797259e-9	-8.302408286981367e-9	-8.302409303633778e-9
0.5625	0.9375	0.14644660940672644	0.14834320235343088	0.14834320235343162	0.14834320235343118	0.14834320235343243	0.14834320235343063	0.14834320235343013	9.127876879257384e-15	-4.049151766069105e-9	-4.049150562946154e-9	-4.049151262762072e-9	-4.049150012343316e-9	-4.049151789352031e-9	-4.049152274395162e-9
0.625	0.0625	-0.27059805007309845	-0.2741024968830298	-0.2741024968830286	-0.27410249688302896	-0.2741024968830277	-0.2741024968830292	-0.2741024968830302	1.1179547422174927e-8	-1.700599219770114e-8	-1.7005991064597288e-8	-1.700599158758395e-8	-1.7005990402130285e-8	-1.7005992197700737e-8	-1.7005992813902307e-8
0.625	0.125	-0.4999999999999999	-0.50647537336094	-0.5064753733609378	-0.5064753733609384	-0.506475373360936	-0.5064753733609393	-0.5064753733609407	1.7944938201514677e-7	1.1959324809523396e-7	1.1959325031831542e-7	1.1959324926902585e-7	1.1959325159486212e-7	1.195932480522128e-7	1.1959324690973707e-7
0.625	0.1875	-0.6532814824381882	-0.6617419654553393	-0.6617419654553365	-0.6617419654553374	-0.6617419654553338	-0.661741965455338	-0.6617419654553406	6.494585351060168e-7	5.967287853885351e-7	5.96728788615342e-7	5.967287870598737e-7	5.967287904367363e-7	5.967287853885364e-7	5.967287837005306e-7
0.625	0.25	-0.7071067811865475	-0.716264342015018	-0.7162643420150145	-0.7162643420150158	-0.7162643420150113	-0.7162643420150174	-0.7162643420150198	1.2292042383954538e-6	1.200345605521444e-6	1.2003456096291633e-6	1.2003456076077806e-6	1.2003456119055211e-6	1.2003456054419514e-6	1.2003456034143032e-6
0.625	0.3125	-0.6532814824381882	-0.661741965455339	-0.6617419654553353	-0.6617419654553367	-0.6617419654553316	-0.6617419654553378	-0.6617419654553414	1.571406355188219e-6	1.5512189640101829e-6	1.5512189688394404e-6	1.551218966416316e-6	1.5512189714690851e-6	1.5512189640101846e-6	1.5512189615800561e-6
0.625	0.375	-0.5	-0.5064753733609396	-0.5064753733609355	-0.5064753733609373	-0.5064753733609316	-0.5064753733609395	-0.5064753733609422	1.507536666377893e-6	1.4750965514286137e-6	1.475096556795607e-6	1.4750965540507935e-6	1.4750965596635321e-6	1.4750965513247511e-6	1.4750965487802849e-6
0.625	0.4375	-0.27059805007309856	-0.27410249688302957	-0.27410249688302535	-0.2741024968830272	-0.27410249688302124	-0.27410249688302857	-0.27410249688303234	1.1361271189471073e-6	1.0851870248014094e-6	1.0851870304979071e-6	1.0851870275316134e-6	1.0851870334876797e-6	1.0851870248014115e-6	1.0851870220439802e-6
0.625	0.5	-8.659560562354932e-17	-1.1821168170327353e-16	4.20259123725189e-15	2.3056372349533616e-15	8.379831336495004e-15	-1.7413642142832808e-16	-2.77414809873866e-15	6.821210263296962e-7	6.217117742821052e-7	6.217117800912972e-7	6.217117770123093e-7	6.217117830819463e-7	6.217117741696858e-7	6.217117715246761e-7
0.625	0.5625	0.2705980500730984	0.27410249688302946	0.2741024968830337	0.27410249688303173	0.27410249688303767	0.2741024968830304	0.27410249688302685	3.2337361323890384e-7	2.669669902567641e-7	2.669669959532618e-7	2.669669928830559e-7	2.6696699883235766e-7	2.6696699025676576e-7	2.669669876042833e-7
0.625	0.625	0.4999999999999999	0.5064753733609395	0.5064753733609434	0.5064753733609415	0.5064753733609472	0.5064753733609392	0.506475373360937	1.1722605117754495e-7	7.319112043428545e-8	7.31911258012787e-8	7.319112286066253e-8	7.319112846068939e-8	7.319112033042315e-8	7.319111798371258e-8
0.625	0.6875	0.6532814824381881	0.6617419654553389	0.6617419654553425	0.6617419654553407	0.6617419654553458	0.6617419654553396	0.6617419654553366	3.04912410352198e-8	-1.68702867763275e-10	-1.6869803850596334e-10	-1.6870072604047355e-10	-1.6869569035795075e-10	-1.687028677623745e-10	-1.687050308433912e-10
0.625	0.75	0.7071067811865475	0.7162643420150179	0.7162643420150206	0.7162643420150192	0.7162643420150234	0.7162643420150172	0.7162643420150157	5.0584536559483695e-9	-1.5354428501975465e-8	-1.5354424394256735e-8	-1.5354426715587377e-8	-1.5354422437105147e-8	-1.53544285814683e-8	-1.53544303061775e-8
0.625	0.8125	0.6532814824381881	0.6617419654553394	0.6617419654553414	0.6617419654553401	0.6617419654553436	0.6617419654553396	0.6617419654553374	4.250509005846113e-10	-1.3063327456630404e-8	-1.3063324229823861e-8	-1.3063326080043238e-8	-1.3063322721947346e-8	-1.3063327456629924e-8	-1.3063328846944983e-8
0.625	0.875	0.5000000000000001	0.5064753733609401	0.5064753733609413	0.5064753733609404	0.5064753733609428	0.5064753733609393	0.5064753733609385	1.067706205837727e-11	-8.409699953491055e-9	-8.409697730409707e-9	-8.409699023500913e-9	-8.409696713028318e-9	-8.409699996512283e-9	-8.409700892755127e-9
0.625	0.9375	0.2705980500730989	0.27410249688302984	0.27410249688303046	0.27410249688303	0.27410249688303123	0.2741024968830299	0.27410249688302907	1.472203775759661e-14	-4.0808462815141975e-9	-4.08084514841043e-9	-4.0808458165191285e-9	-4.080844640098721e-9	-4.080846281514048e-9	-4.080846751146234e-9
0.6875	0.0625	-0.3535533905932737	-0.35813217100750927	-0.35813217100750805	-0.35813217100750827	-0.35813217100750716	-0.3581321710075087	-0.35813217100750944	1.650437517564636e-8	-1.8567548910439285e-8	-1.8567547890480714e-8	-1.856754837189884e-8	-1.85675473047961e-8	-1.8567548930177416e-8	-1.8567549454349733e-8
0.6875	0.125	-0.6532814824381881	-0.6617419654553394	-0.6617419654553374	-0.6617419654553379	-0.6617419654553358	-0.6617419654553383	-0.66174196545534	2.6492127221011285e-7	1.8804139249955243e-7	1.8804139449989662e-7	1.880413935356393e-7	1.880413956290052e-7	1.8804139249955349e-7	1.8804139145313422e-7
0.6875	0.1875	-0.8535533905932735	-0.8646075443684488	-0.864607544368446	-0.8646075443684469	-0.8646075443684438	-0.864607544368448	-0.86460754436845	9.587961765924586e-7	8.936288408620488e-7	8.936288437666451e-7	8.936288423373118e-7	8.936288453762731e-7	8.936288408058393e-7	8.936288393720754e-7
0.6875	0.25	-0.9238795325112865	-0.9358444623383687	-0.9358444623383655	-0.9358444623383668	-0.9358444623383628	-0.9358444623383675	-0.9358444623383706	1.8146752414800738e-6	1.7837077353680021e-6	1.7837077390641562e-6	1.7837077372095769e-6	1.7837077410767992e-6	1.7837077353680042e-6	1.783707733508064e-6
0.6875	0.3125	-0.8535533905932735	-0.8646075443684486	-0.8646075443684451	-0.8646075443684464	-0.864607544368442	-0.8646075443684482	-0.8646075443684507	2.3198685116696636e-6	2.3013942109661983e-6	2.3013942153132336e-6	2.301394213090052e-6	2.3013942176361304e-6	2.3013942108820743e-6	2.3013942088211657e-6
0.6875	0.375	-0.6532814824381882	-0.6617419654553388	-0.6617419654553354	-0.6617419654553369	-0.6617419654553319	-0.661741965455338	-0.6617419654553415	2.2255776368542388e-6	2.1906678841422723e-6	2.1906678889715303e-6	2.1906678864568275e-6	2.190667891506137e-6	2.1906678841422744e-6	2.1906678818046367e-6
0.6875	0.4375	-0.3535533905932738	-0.3581321710075086	-0.35813217100750516	-0.3581321710075068	-0.3581321710075015	-0.35813217100750894	-0.3581321710075114	1.6772654124742136e-6	1.6176377821830235e-6	1.6176377873107014e-6	1.6176377845929297e-6	1.6176377899504978e-6	1.617637782083793e-6	1.6176377797490868e-6
0.6875	0.5	-1.1314261122877e-16	1.2080442997624988e-17	3.7988546770090226e-15	1.99254675259386e-15	7.442210115423279e-15	8.231804994596192e-16	-2.532045753622647e-15	1.007015839604719e-6	9.351677678226898e-7	9.351677730498403e-7	9.351677702325956e-7	9.351677756917213e-7	9.351677678226917e-7	9.351677653887528e-7
0.6875	0.5625	0.35355339059327356	0.35813217100750877	0.3581321710075125	0.35813217100751077	0.35813217100751604	0.35813217100750855	0.3581321710075064	4.773967347026048e-7	4.1135468922806055e-7	4.113546943557377e-7	4.113546915462446e-7	4.1135469689656445e-7	4.1135468912882953e-7	4.113546868867596e-7
0.6875	0.625	0.6532814824381881	0.6617419654553388	0.6617419654553425	0.6617419654553407	0.6617419654553458	0.6617419654553398	0.6617419654553366	1.730609170417856e-7	1.2344961698949348e-7	1.234496218187508e-7	1.234496191312163e-7	1.234496241668988e-7	1.2344961698949462e-7	1.2344961482641337e-7
0.6875	0.6875	0.8535533905932733	0.8646075443684484	0.8646075443684514	0.86460754436845	0.8646075443684544	0.864607544368448	0.8646075443684462	4.501424454966252e-8	1.2370512113963183e-8	1.237051646099795e-8	1.237051400442641e-8	1.2370518532173371e-8	1.2370512029839113e-8	1.2370510204648199e-8
0.6875	0.75	0.9238795325112865	0.9358444623383687	0.9358444623383713	0.9358444623383698	0.9358444623383738	0.9358444623383692	0.9358444623383666	7.467799347654624e-9	-1.30115335201855e-8	-1.3011529824031989e-8	-1.3011531943370313e-8	-1.3011528096831115e-8	-1.3011533520184836e-8	-1.3011535112724728e-8
0.6875	0.8125	0.8535533905932734	0.8646075443684496	0.8646075443684504	0.8646075443684496	0.8646075443684527	0.864607544368448	0.8646075443684469	6.275029987421455e-10	-1.2383940500307641e-8	-1.2383937595711868e-8	-1.2383939285216937e-8	-1.2383936266439018e-8	-1.2383940556517562e-8	-1.2383941727515268e-8
0.6875	0.875	0.6532814824381883	0.6617419654553396	0.6617419654553405	0.6617419654553398	0.661741965455342	0.6617419654553396	0.661741965455338	1.5762555614334078e-11	-7.987959054684424e-9	-7.98795705434057e-9	-7.987958233797525e-9	-7.987956156983921e-9	-7.987959054684125e-9	-7.98795988375725e-9
0.6875	0.9375	0.35355339059327423	0.3581321710075091	0.3581321710075097	0.3581321710075093	0.3581321710075105	0.3581321710075088	0.3581321710075085	2.1734156609904674e-14	-3.863303789187477e-9	-3.863302769229086e-9	-3.86330337874403e-9	-3.8633023213938825e-9	-3.8633038089257855e-9	-3.863304203723893e-9
0.75	0.0625	-0.3826834323650898	-0.3876394685723097	-0.3876394685723087	-0.3876394685723089	-0.3876394685723079	-0.38763946857230913	-0.3876394685723099	2.225463315323705e-8	-1.8154470936640737e-8	-1.8154470069400403e-8	-1.815447048744983e-8	-1.8154469579880475e-8	-1.8154470936640145e-8	-1.815447139031055e-8
0.75	0.125	-0.7071067811865475	-0.716264342015018	-0.7162643420150163	-0.7162643420150168	-0.7162643420150149	-0.7162643420150174	-0.7162643420150187	3.57221989004744e-7	2.6549946841140196e-7	2.654994701128753e-7	2.654994692755912e-7	2.6549947105577355e-7	2.654994683784754e-7	2.654994675385959e-7
0.75	0.1875	-0.9238795325112867	-0.9358444623383688	-0.9358444623383664	-0.9358444623383673	-0.9358444623383646	-0.9358444623383677	-0.93584446233837	1.292848529660003e-6	1.2173715669442365e-6	1.2173715694139281e-6	1.2173715681747378e-6	1.2173715707587331e-6	1.2173715669442384e-6	1.217371565701466e-6
0.75	0.25	-1.0	-1.0129507467218795	-1.0129507467218763	-1.0129507467218777	-1.0129507467218741	-1.0129507467218788	-1.0129507467218812	2.4469227923873405e-6	2.415395279910346e-6	2.415395283054259e-6	2.415395281446384e-6	2.4153952847342505e-6	2.4153952798495056e-6	2.415395278358992e-6
0.75	0.3125	-0.9238795325112867	-0.9358444623383685	-0.9358444623383655	-0.9358444623383669	-0.935844462338363	-0.9358444623383675	-0.9358444623383708	3.1281294893935593e-6	3.112477236002004e-6	3.1124772396981584e-6	3.1124772377734882e-6	3.1124772416380625e-6	3.1124772360020065e-6	3.1124772342128556e-6
0.75	0.375	-0.7071067811865476	-0.7162643420150175	-0.7162643420150145	-0.716264342015016	-0.7162643420150118	-0.7162643420150177	-0.7162643420150199	3.000986910145151e-6	2.9649143572082313e-6	2.96491436131595e-6	2.964914359138777e-6	2.9649143634306585e-6	2.9649143571287385e-6	2.9649143552584347e-6
0.75	0.4375	-0.3826834323650899	-0.38763946857230924	-0.3876394685723062	-0.3876394685723077	-0.3876394685723032	-0.3876394685723086	-0.38763946857231163	2.261638266094773e-6	2.1953308754878214e-6	2.1953308798477316e-6	2.195330877497898e-6	2.195330882051297e-6	2.1953308754878235e-6	2.1953308734577007e-6
0.75	0.5	-1.2246467991473532e-16	6.78630707241509e-17	3.1742187003858113e-15	1.6640334943307522e-15	6.283116421894143e-15	-1.7715863498413142e-16	-2.167428563015772e-15	1.3578683137893677e-6	1.2772738523752865e-6	1.277273856821449e-6	1.277273854385363e-6	1.2772738590245773e-6	1.2772738522892442e-6	1.2772738503451653e-6
0.75	0.5625	0.38268343236508967	0.38763946857230946	0.3876394685723126	0.387639468572311	0.38763946857231557	0.38763946857231013	0.3876394685723073	6.437256234357033e-7	5.70992208627285e-7	5.709922129871953e-7	5.709922105608576e-7	5.709922151071311e-7	5.709922086272864e-7	5.709922066744308e-7
0.75	0.625	0.7071067811865475	0.7162643420150179	0.7162643420150205	0.7162643420150192	0.7162643420150236	0.7162643420150174	0.7162643420150157	2.3335674213288693e-7	1.808606803040478e-7	1.808606844117665e-7	1.8086068209043589e-7	1.8086068636891815e-7	1.8086068022455497e-7	1.8086067849984575e-7
0.75	0.6875	0.9238795325112865	0.9358444623383684	0.9358444623383712	0.9358444623383699	0.9358444623383738	0.9358444623383693	0.9358444623383666	6.069757191420651e-8	2.819950501364087e-8	2.819950870979435e-8	2.8199506590456042e-8	2.8199510436995253e-8	2.8199505013641653e-8	2.8199503421101627e-8
0.75	0.75	1.0	1.0129507467218795	1.0129507467218815	1.0129507467218803	1.012950746721884	1.0129507467218786	1.0129507467218775	1.0069641120935557e-8	-8.970444355707436e-9	-8.970441211795637e-9	-8.970443040502734e-9	-8.97043977300106e-9	-8.970444416548611e-9	-8.9704456840274e-9
0.75	0.8125	0.9238795325112866	0.9358444623383694	0.9358444623383704	0.9358444623383695	0.9358444623383724	0.9358444623383693	0.9358444623383673	8.4613012555416e-10	-1.071396380974884e-8	-1.0713961340058031e-8	-1.0713962796254662e-8	-1.0713960232151774e-8	-1.071396380974842e-8	-1.0713964833349614e-8
0.75	0.875	0.7071067811865477	0.7162643420150183	0.7162643420150191	0.7162643420150185	0.7162643420150203	0.7162643420150175	0.716264342015017	2.125435764888106e-11	-6.9944519232697005e-9	-6.9944502217968966e-9	-6.994451238576703e-9	-6.994449474727775e-9	-6.994451956196718e-9	-6.994452614790487e-9
0.75	0.9375	0.3826834323650904	0.38763946857230974	0.3876394685723102	0.3876394685723099	0.3876394685723109	0.3876394685723098	0.3876394685723092	2.930651279438624e-14	-3.3825960622727016e-9	-3.3825951950326216e-9	-3.3825957199262046e-9	-3.3825948219947113e-9	-3.3825960622725734e-9	-3.3825964080330967e-9
0.8125	0.0625	-0.35355339059327373	-0.358132171007509	-0.3581321710075083	-0.35813217100750844	-0.3581321710075077	-0.3581321710075087	-0.35813217100750927	2.6980770056640367e-8	-1.4846784324455e-8	-1.4846783642940273e-8	-1.484678397830923e-8	-1.4846783265268209e-8	-1.4846784337643404e-8	-1.4846784674051963e-8
0.8125	0.125	-0.6532814824381881	-0.6617419654553391	-0.6617419654553379	-0.6617419654553383	-0.6617419654553367	-0.6617419654553385	-0.6617419654553398	4.3308394607757427e-7	3.342027679014693e-7	3.342027692380569e-7	3.3420276856741196e-7	3.3420276996586e-7	3.342027679014705e-7	3.342027672288869e-7
0.8125	0.1875	-0.8535533905932736	-0.8646075443684484	-0.8646075443684469	-0.8646075443684476	-0.8646075443684456	-0.8646075443684482	-0.8646075443684498	1.567406151188269e-6	1.4875937095163571e-6	1.4875937114571468e-6	1.4875937104645792e-6	1.4875937124942332e-6	1.4875937094787995e-6	1.4875937085586807e-6
0.8125	0.25	-0.9238795325112866	-0.9358444623383686	-0.9358444623383664	-0.9358444623383674	-0.9358444623383648	-0.9358444623383678	-0.9358444623383703	2.966567040362661e-6	2.9362938832303067e-6	2.9362938856999985e-6	2.936293884413975e-6	2.936293886996201e-6	2.936293883230309e-6	2.9362938820348365e-6
0.8125	0.3125	-0.8535533905932736	-0.8646075443684483	-0.864607544368446	-0.8646075443684471	-0.8646075443684442	-0.8646075443684483	-0.8646075443684504	3.792439168939846e-6	3.779569680852507e-6	3.779569683757104e-6	3.7795696822176097e-6	3.7795696852524288e-6	3.7795696807962985e-6	3.779569679473794e-6
0.8125	0.375	-0.6532814824381882	-0.6617419654553388	-0.6617419654553365	-0.6617419654553376	-0.6617419654553343	-0.6617419654553383	-0.6617419654553409	3.6382957745514054e-6	3.602598630914136e-6	3.6025986341409433e-6	3.602598632401811e-6	3.6025986357718192e-6	3.602598630914138e-6	3.6025986294116263e-6
0.8125	0.4375	-0.35355339059327384	-0.35813217100750877	-0.3581321710075064	-0.3581321710075075	-0.358132171007504	-0.35813217100750894	-0.3581321710075107	2.7419343014389843e-6	2.673409639159042e-6	2.673409642585247e-6	2.6734096407080034e-6	2.673409644282973e-6	2.6734096390927383e-6	2.6734096375946356e-6
0.8125	0.5	-1.1314261122877003e-16	2.7755575615628914e-17	2.5032059758345326e-15	1.291935308733727e-15	4.923672155602009e-15	6.25367813089639e-16	-1.7542391150815462e-15	1.6462339544887072e-6	1.5631936351850473e-6	1.5631936386777178e-6	1.5631936367340084e-6	1.563193640375972e-6	1.5631936351850488e-6	1.5631936336206403e-6
0.8125	0.5625	0.3535533905932736	0.3581321710075088	0.35813217100751127	0.35813217100751016	0.3581321710075137	0.35813217100750866	0.35813217100750716	7.804313333720301e-7	7.071687920405597e-7	7.071687954667643e-7	7.071687935305672e-7	7.071687970992035e-7	7.07168791974256e-7	7.071687905356944e-7
0.8125	0.625	0.6532814824381881	0.6617419654553391	0.6617419654553414	0.6617419654553403	0.6617419654553436	0.6617419654553396	0.6617419654553374	2.829138794291173e-7	2.322134932008846e-7	2.322134964276912e-7	2.3221349457747187e-7	2.3221349793556776e-7	2.3221349320088551e-7	2.322134918105701e-7
0.8125	0.6875	0.8535533905932734	0.8646075443684486	0.8646075443684506	0.8646075443684496	0.8646075443684527	0.8646075443684482	0.8646075443684469	7.358769832498412e-8	4.419290023952933e-8	4.419290314412507e-8	4.419290145462003e-8	4.419290447339796e-8	4.419290018331941e-8	4.41928990123217e-8
0.8125	0.75	0.9238795325112866	0.9358444623383689	0.9358444623383705	0.9358444623383695	0.9358444623383724	0.9358444623383692	0.9358444623383673	1.2208094816307247e-8	-3.7134799164652065e-9	-3.7134774467744066e-9	-3.7134789029710296e-9	-3.713476338868136e-9	-3.7134799164647264e-9	-3.713480940065981e-9
0.8125	0.8125	0.8535533905932735	0.8646075443684488	0.86460754436845	0.8646075443684493	0.8646075443684516	0.8646075443684482	0.8646075443684476	1.0258197561999536e-9	-8.15040330789578e-9	-8.150401367106944e-9	-8.150402526899144e-9	-8.150400514960836e-9	-8.150403345454056e-9	-8.150404096680542e-9
0.8125	0.875	0.6532814824381883	0.6617419654553393	0.66174196545534	0.6617419654553396	0.6617419654553411	0.6617419654553395	0.6617419654553384	2.5768069618466965e-11	-5.489690925677967e-9	-5.489689589090938e-9	-5.4896903980548794e-9	-5.489689014166364e-9	-5.489690925677753e-9	-5.4896914585625385e-9
0.8125	0.9375	0.3535533905932743	0.35813217100750905	0.35813217100750955	0.35813217100750927	0.35813217100751005	0.35813217100750894	0.35813217100750866	3.553023217335357e-14	-2.6701849433154367e-9	-2.6701842618010294e-9	-2.670184679503894e-9	-2.670183975063374e-9	-2.6701849565041533e-9	-2.670185209757723e-9
0.875	0.0625	-0.27059805007309856	-0.2741024968830296	-0.27410249688302923	-0.27410249688302935	-0.2741024968830288	-0.27410249688302946	-0.2741024968830299	2.8058934926324435e-8	-8.411815077959589e-9	-8.41181460861233e-9	-8.411814844111507e-9	-8.41181435304187e-9	-8.411815077959053e-9	-8.41181531413905e-9
0.875	0.125	-0.5000000000000001	-0.5064753733609395	-0.506475373360939	-0.5064753733609392	-0.5064753733609382	-0.5064753733609395	-0.5064753733609403	4.503901940202667e-7	3.5974331502540365e-7	3.597433159462348e-7	3.5974331547529933e-7	3.597433164382929e-7	3.5974331500758436e-7	3.5974331457102294e-7
0.875	0.1875	-0.6532814824381884	-0.6617419654553388	-0.6617419654553379	-0.6617419654553384	-0.6617419654553371	-0.6617419654553387	-0.66174196545534	1.630040473529339e-6	1.5573135666753593e-6	1.5573135680119474e-6	1.5573135673159565e-6	1.557313568713447e-6	1.5573135666753612e-6	1.557313566028376e-6
0.875	0.25	-0.7071067811865477	-0.7162643420150175	-0.7162643420150163	-0.716264342015017	-0.7162643420150152	-0.7162643420150177	-0.7162643420150191	3.085112521450384e-6	3.0584017377855244e-6	3.058401739486998e-6	3.0584017385851833e-6	3.058401740362939e-6	3.0584017377525986e-6	3.058401736977893e-6
0.875	0.3125	-0.6532814824381884	-0.6617419654553389	-0.6617419654553374	-0.6617419654553381	-0.661741965455336	-0.6617419654553385	-0.6617419654553405	3.943986907339494e-6	3.932648581224582e-6	3.932648583224926e-6	3.932648582146813e-6	3.9326485842359295e-6	3.9326485812245825e-6	3.932648580293155e-6
0.875	0.375	-0.5000000000000001	-0.5064753733609394	-0.506475373360938	-0.5064753733609386	-0.5064753733609364	-0.5064753733609396	-0.506475373360941	3.783683866937445e-6	3.750791880907746e-6	3.7507918831308272e-6	3.750791881912784e-6	3.7507918842323915e-6	3.750791880864725e-6	3.750791879892685e-6
0.875	0.4375	-0.2705980500730986	-0.27410249688302946	-0.2741024968830279	-0.2741024968830287	-0.27410249688302624	-0.2741024968830291	-0.27410249688303084	2.8515033475628425e-6	2.7890510790074e-6	2.789051081366967e-6	2.789051080053842e-6	2.789051082514268e-6	2.789051079007401e-6	2.789051077950523e-6
0.875	0.5	-8.659560562354935e-17	2.7395163568844168e-17	1.7052331768852014e-15	8.916478666520788e-16	3.382879554118552e-15	-1.1449174941446927e-16	-1.2125717097077882e-15	1.7120182747021317e-6	1.6378436675911347e-6	1.6378436699973806e-6	1.6378436686375763e-6	1.6378436711438534e-6	1.6378436675445686e-6	1.6378436665342574e-6
0.875	0.5625	0.2705980500730985	0.2741024968830296	0.2741024968830313	0.2741024968830305	0.274102496883033	0.27410249688303007	0.2741024968830284	8.11617754110801e-7	7.480457263161109e-7	7.480457286756773e-7	7.480457273227249e-7	7.480457297782953e-7	7.480457263161116e-7	7.480457252994588e-7
0.875	0.625	0.5000000000000001	0.5064753733609397	0.5064753733609412	0.5064753733609406	0.506475373360943	0.5064753733609395	0.5064753733609385	2.942192574930557e-7	2.521469165716557e-7	2.52146918794737e-7	2.521469175016458e-7	2.521469198121185e-7	2.5214691652863445e-7	2.5214691563239165e-7
0.875	0.6875	0.6532814824381883	0.6617419654553391	0.6617419654553406	0.6617419654553399	0.661741965455342	0.6617419654553396	0.6617419654553379	7.652829901978826e-8	5.377577372787399e-8	5.377577572821782e-8	5.3775774548760895e-8	5.377577662557452e-8	5.3775773727874445e-8	5.377577289880118e-8
0.875	0.75	0.7071067811865477	0.716264342015018	0.7162643420150192	0.7162643420150185	0.7162643420150203	0.7162643420150177	0.7162643420150168	1.2695936302264954e-8	1.4173795135787308e-9	1.4173812150515268e-9	1.417380198271731e-9	1.4173819621206665e-9	1.4173794806517187e-9	1.4173788220579489e-9
0.875	0.8125	0.6532814824381883	0.6617419654553393	0.6617419654553401	0.6617419654553397	0.6617419654553413	0.6617419654553396	0.6617419654553384	1.0668120192614173e-9	-5.068727963642532e-9	-5.068726627055504e-9	-5.068727436019441e-9	-5.068726052130925e-9	-5.0687279636422935e-9	-5.0687284965271005e-9
0.875	0.875	0.5000000000000002	0.5064753733609397	0.5064753733609404	0.5064753733609401	0.5064753733609412	0.5064753733609396	0.5064753733609393	2.6797774380928584e-11	-3.6566958102863155e-9	-3.656694889455873e-9	-3.6566954538364767e-9	-3.6566945020293415e-9	-3.656695828106292e-9	-3.6566961702906896e-9
0.875	0.9375	0.270598050073099	0.2741024968830297	0.27410249688303007	0.2741024968830299	0.27410249688303046	0.2741024968830299	0.27410249688302946	3.6950037763060985e-14	-1.8054933996244325e-9	-1.8054929302774843e-9	-1.8054932213995133e-9	-1.8054927369433835e-9	-1.8054933996243595e-9	-1.8054935796266197e-9
0.9375	0.0625	-0.1464466094067265	-0.14834320235343074	-0.14834320235343057	-0.14834320235343065	-0.14834320235343035	-0.14834320235343074	-0.14834320235343093	2.1223672059285212e-8	-9.316075791296296e-10	-9.31607339813434e-10	-9.316074622055655e-10	-9.31607211931707e-10	-9.31607583760736e-10	-9.316076972193302e-10
0.9375	0.125	-0.2705980500730989	-0.2741024968830295	-0.2741024968830293	-0.27410249688302946	-0.2741024968830289	-0.2741024968830295	-0.27410249688303	3.406734361693802e-7	2.8200803300276787e-7	2.8200803347211523e-7	2.820080332277157e-7	2.820080337184491e-7	2.8200803300276856e-7	2.820080327755776e-7
0.9375	0.1875	-0.35355339059327434	-0.35813217100750877	-0.35813217100750844	-0.3581321710075086	-0.35813217100750794	-0.35813217100750894	-0.3581321710075095	1.2329564377403288e-6	1.1852128177104011e-6	1.185212818391916e-6	1.1852128180306997e-6	1.185212818742769e-6	1.185212817697213e-6	1.1852128173869095e-6
0.9375	0.25	-0.3826834323650904	-0.3876394685723094	-0.3876394685723088	-0.38763946857230913	-0.38763946857230824	-0.3876394685723093	-0.38763946857231024	2.3335674213288693e-6	2.3146391643100924e-6	2.3146391651773335e-6	2.314639164709922e-6	2.3146391656156497e-6	2.3146391643100937e-6	2.3146391639062767e-6
0.9375	0.3125	-0.35355339059327434	-0.3581321710075089	-0.35813217100750816	-0.35813217100750855	-0.3581321710075075	-0.358132171007509	-0.3581321710075097	2.9832167524276346e-6	2.973070608081684e-6	2.9730706091016426e-6	2.9730706085427995e-6	2.9730706096070443e-6	2.973070608061946e-6	2.97307060761597e-6
0.9375	0.375	-0.27059805007309895	-0.27410249688302957	-0.2741024968830288	-0.2741024968830292	-0.274102496883028	-0.2741024968830294	-0.27410249688303034	2.8619641400767812e-6	2.8376480128821995e-6	2.837648014015304e-6	2.8376480133847187e-6	2.8376480145662564e-6	2.8376480128822e-6	2.8376480123746696e-6
0.9375	0.4375	-0.14644660940672652	-0.14834320235343074	-0.1483432023534299	-0.1483432023534303	-0.14834320235342907	-0.14834320235343082	-0.1483432023534314	2.156866327376149e-6	2.114561039583082e-6	2.114561040786205e-6	2.1145610401063032e-6	2.1145610413594415e-6	2.1145610395597993e-6	2.114561039054644e-6
0.9375	0.5	-4.686520405326306e-17	1.3877787807814457e-17	8.604228440844963e-16	4.579669976578771e-16	1.7166015914517814e-15	2.3592239273284576e-16	-6.106226635438361e-16	1.2949641359227826e-6	1.2469085810235187e-6	1.2469085822499815e-6	1.2469085815467394e-6	1.2469085828231035e-6	1.2469085810235193e-6	1.2469085804950802e-6
0.9375	0.5625	0.14644660940672644	0.1483432023534308	0.14834320235343162	0.14834320235343124	0.14834320235343246	0.14834320235343068	0.14834320235343018	6.139045938832315e-7	5.742583392092712e-7	5.742583404123939e-7	5.742583397125779e-7	5.742583409629968e-7	5.74258339185988e-7	5.74258338700945e-7
0.9375	0.625	0.2705980500730989	0.2741024968830297	0.27410249688303046	0.2741024968830301	0.27410249688303134	0.2741024968830299	0.2741024968830291	2.225463315323705e-7	1.9751883144125263e-7	1.9751883257435637e-7	1.9751883190624765e-7	1.975188330826681e-7	1.9751883144125293e-7	1.975188309716206e-7
0.9375	0.6875	0.35355339059327423	0.358132171007509	0.3581321710075097	0.3581321710075094	0.3581321710075105	0.35813217100750894	0.3581321710075084	5.788571540280009e-8	4.527039154595288e-8	4.5270392565911295e-8	4.527039195639635e-8	4.5270393013746515e-8	4.5270391526214616e-8	4.52703911314165e-8
0.9375	0.75	0.3826834323650904	0.3876394685723096	0.38763946857231024	0.3876394685723099	0.3876394685723109	0.3876394685723098	0.387639468572309	9.603158112464483e-9	3.9061910951849735e-9	3.906191962425056e-9	3.906191437531479e-9	3.906192335462979e-9	3.906191095185157e-9	3.906190749424591e-9
0.9375	0.8125	0.3535533905932743	0.358132171007509	0.35813217100750955	0.35813217100750927	0.35813217100751005	0.35813217100750894	0.3581321710075086	8.06932569078598e-10	-2.1201551453918156e-9	-2.120154463877406e-9	-2.1201548815802696e-9	-2.120154177139748e-9	-2.120155158580527e-9	-2.120155411834098e-9
0.9375	0.875	0.270598050073099	0.2741024968830296	0.27410249688303007	0.2741024968830299	0.27410249688303046	0.2741024968830299	0.27410249688302946	2.0269735001450597e-11	-1.7602759592192427e-9	-1.7602754898722945e-9	-1.7602757809943233e-9	-1.760275296538193e-9	-1.760275959219165e-9	-1.7602761392214293e-9
0.9375	0.9375	0.1464466094067267	0.1483432023534308	0.14834320235343101	0.1483432023534309	0.14834320235343118	0.1483432023534308	0.14834320235343068	2.7948868555437316e-14	-8.920205707470324e-10	-8.920203314309977e-10	-8.920204816345727e-10	-8.920202350743154e-10	-8.920205753782936e-10	-8.920206607481259e-10
